50
4 3 3 3 3 3 3 3 3 3 4 3 3 4 3 3 3 3 3 3 3 3 3 3 3 3 3 3 3 3 3 3 3 3 3 3 3 3 3 3 3 3 3 3 3 3 3 3 3 3
1 22 35 46
14 23 39
8 36 46
25 27 39
17 31 37
20 31 48
8 12 32
4 16 48
12 29 43
7 13 19
2 6 10 30
16 18 44
4 11 30
24 33 35 37
9 17 36
28 29 50
7 16 49
13 25 48
17 25 43
41 45 50
17 21 33
20 26 37
2 33 38
36 42 49
2 3 31
21 30 32
8 17 43
34 37 45
1 19 26
10 36 46
1 29 30
1 16 45
3 25 35
5 36 44
16 32 40
21 34 40
10 14 19
14 27 50
36 39 40
30 35 43
32 45 50
9 48 49
2 32 47
27 38 47
31 32 48
8 27 46
4 12 26
11 23 29
13 26 49
15 17 28
4 8 -2 6 6 5 -9 0 4 -8 6 3 -7 -5 7 -7 -3 -2 -9 -6 10 5 -2 5 6 4 0 -8 8 -3 5 1 -6 5 7 -1 6 1 4 -10 1 -7 5 7 -2 -10 -8 -5 10 5
-6 -3 8 7 9 -6 -3 -6 -4 6 -9 -1 10 1 6 4 0 2 7 0 4 9 6 -10 8 -6 6 -10 2 9 -6 5 -1 4 -3 -4 -1 -2 8 -9 6 -10 5 2 9 1 2 9 -8
9 -3 -1 -1 -3 1 -9 -8 -3 3 3 1 2 -1 -9 -2 -5 -10 -8 -1 0 -6 8 -9 8 -6 -10 0 -7 -6 -8 1 10 0 9 4 7 -2 -4 10 1 -9 2 -8 -3 7 6 3
-8 3 -3 0 6 10 -6 6 3 -7 4 6 7 -8 -8 9 -6 2 7 -7 10 7 7 -3 6 2 -5 -9 -10 -5 -6 -4 -8 -7 -8 -9 6 -8 -6 -10 5 8 6 9 7 -10 9
2 3 -9 2 -9 6 0 2 -5 -6 -3 5 7 -6 6 -1 -7 2 6 2 -6 3 6 -6 3 8 9 3 8 9 -9 10 -5 1 -5 -2 -7 3 5 3 -7 -4 5 9 6 3
1 10 -1 -3 -6 3 1 -10 -4 -2 -4 -10 10 -8 4 2 4 -1 8 -1 7 5 -6 1 9 -9 -9 0 -7 -5 2 1 9 6 5 0 -8 0 3 -1 2 -7 -5 6 4
10 5 2 0 10 -9 -7 -1 8 3 -9 -3 -6 1 -1 1 7 3 -7 10 -6 -1 -7 -3 4 -10 8 10 8 7 0 9 8 7 7 2 -5 2 -9 8 10 -7 2 -1
5 -6 4 5 -8 2 6 1 4 -10 -10 2 9 5 -8 3 -2 -8 10 0 -6 3 7 3 -6 -8 6 9 -3 0 4 -7 1 -4 9 -2 -10 3 6 -5 -6 9 2
-5 -5 -4 1 -2 -8 -7 0 -7 2 1 4 9 9 5 1 5 -1 -9 -4 -5 9 9 -8 -8 4 -10 -5 4 -9 4 4 -10 -6 -2 6 -1 5 2 -6 -9 7
0 5 -1 8 -5 4 9 -4 5 -5 -4 -7 -9 -6 -8 6 -3 -1 -6 6 1 -2 -5 -3 -8 9 10 6 -1 6 -6 4 -1 -7 7 -1 7 -5 3 -9 -4
8 -9 5 8 7 -5 -3 2 -3 2 6 -4 -5 -4 2 -2 -2 4 3 9 -10 -6 1 4 3 -6 3 8 -5 -5 4 3 2 10 6 4 0 10 -8 -1
-3 -7 -9 -9 -3 -4 2 -10 7 -8 -2 7 1 10 -5 4 -1 -5 0 -1 -6 -4 7 4 10 3 -5 3 -7 -7 -2 8 1 3 9 6 -4 -5 1
-6 -2 9 -10 9 -7 2 0 -4 -4 7 -5 -3 3 0 -5 5 9 -4 10 -10 -6 -5 -5 -3 -5 -7 -2 4 6 7 -6 -6 -5 -5 -2 -6 -2
-1 -10 -2 0 5 5 -4 -8 4 -9 4 -9 -2 7 1 -4 -7 -9 9 -6 4 6 -6 9 5 3 6 -8 -2 1 -1 10 -7 -8 10 -8 -9
-6 -9 -10 5 -9 8 -9 6 8 1 2 -7 -9 -5 -2 2 10 3 5 -7 5 3 6 -7 0 -10 1 -5 9 1 6 3 -2 7 -7 -4
-8 10 6 -1 -2 8 9 9 10 3 5 -4 6 -9 -2 4 -1 9 2 1 9 10 5 10 -9 6 9 -6 1 4 1 -7 0 -8 9
-8 6 -5 3 6 -10 -5 8 2 -1 0 -4 -8 -3 5 5 7 4 -8 8 0 -9 -1 6 -8 -8 2 1 -7 4 -5 5 -8 -3
9 -9 8 10 -10 -8 4 0 -6 -3 10 -6 -2 4 -3 -6 -5 -4 7 -7 -6 -1 2 6 4 5 9 -6 1 5 10 -2 7
-3 -5 -5 -3 0 -9 -8 4 5 -2 -3 8 -6 0 -3 -4 -6 0 7 -9 9 5 7 -4 -2 4 -9 2 10 4 -9 -2
0 3 -4 -9 0 6 -4 6 -10 8 2 -4 8 -1 9 -8 -7 4 7 1 4 -5 -5 9 3 -4 -9 -9 -6 3 5
4 -2 8 2 -10 2 -6 6 -7 -5 6 -2 -1 4 3 9 8 -8 7 1 7 -10 0 -4 1 -9 -6 2 -7 -3
8 -4 -5 1 -5 -7 10 -8 -6 6 -10 -6 6 5 4 -9 9 1 0 5 -5 -10 -10 -1 -2 7 -4 8 -10
-4 -7 5 7 -4 9 -4 -3 5 -8 5 0 -5 -4 0 -1 7 -5 -2 1 -3 10 -8 7 4 -5 8 -8
1 -1 6 -3 -1 -8 -3 -8 4 7 10 -8 -1 3 3 -3 -2 4 2 9 -2 0 2 -1 -2 -8 -10
-1 9 -8 -8 -3 -7 9 1 -6 8 8 6 -10 -7 5 -5 9 9 -9 -4 -8 8 -3 -2 1 5
-8 2 0 -9 8 8 1 0 3 4 -7 -5 -7 2 2 1 1 -7 6 -1 1 -5 3 -2 7
-4 -1 0 -2 5 1 10 4 -4 -7 -1 -8 -2 2 6 -8 -4 1 0 6 -10 1 -5 10
-3 -9 -2 2 -7 5 5 7 9 -9 10 -3 8 9 5 -3 5 5 -2 -7 10 8 0
-7 9 7 9 -4 8 6 -10 1 -10 -3 -4 2 1 -7 -8 1 -7 10 9 -1 -9
-2 5 -10 2 -6 2 8 8 4 -6 2 0 9 10 6 -10 -8 8 6 6 8
-1 -4 4 5 -7 8 2 -2 6 -8 -5 4 -3 1 -4 1 5 -8 -3 4
4 4 -2 4 -2 -5 -7 -9 -5 -8 0 5 -3 -6 -2 -7 -8 -10 -2
3 -8 6 -1 1 -2 -6 -9 -10 -9 3 2 1 -5 2 -5 -4 -2
10 3 4 3 10 -2 -3 -1 -8 -4 5 7 -4 4 0 -3 -10
2 -6 10 10 -8 -10 2 0 2 4 -5 -7 -1 -6 1 -8
6 7 -3 -7 1 2 -9 -3 2 10 10 1 8 10 -5
9 3 9 4 -6 7 6 -7 -8 -4 10 -2 1 -6
-7 -10 6 -9 -5 -7 -10 -10 3 -4 5 -7 4
0 1 -4 0 -8 -8 3 -3 -4 -1 -9 -10
5 9 -8 -10 2 3 0 9 -5 -6 -5
6 0 -1 1 7 4 7 -4 -5 8
4 -10 -2 -7 -4 1 -8 7 10
-2 -6 2 5 9 -5 -9 4
2 0 8 9 9 -5 -2
5 -10 -5 1 3 -9
2 4 1 -3 -7
6 -6 9 4
5 -5 4
6 -1
-1
