200
3 3 3 3 3 3 3 3 3 3 3 3 3 3 3 3 3 3 3 3 3 3 3 3 3 3 3 3 3 3 3 3 3 3 3 3 3 3 3 3 3 3 3 3 3 3 3 3 3 3 3 3 3 3 3 3 3 3 3 3 3 3 3 3 4 3 3 3 3 3 3 3 3 3 3 3 3 3 3 3 3 3 3 3 3 3 3 3 3 3 3 3 3 3 3 3 3 3 3 3 3 3 3 3 3 3 3 3 3 3 3 3 3 3 5 3 3 3 3 3 3 3 3 4 3 3 3 3 3 3 3 3 3 3 4 3 3 3 3 3 3 3 3 3 4 3 3 3 4 3 3 3 4 3 3 3 3 3 3 3 3 3 3 3 3 3 3 3 3 3 3 3 3 4 3 4 3 3 3 3 3 3 3 3 3 3 3 3 3 3 3 3 3 3 3 3 3 3 3 3
45 158 162
86 184 190
13 20 92
19 168 174
94 152 190
11 12 112
26 105 192
31 48 135
73 81 134
51 98 139
141 149 181
75 91 116
35 104 177
32 151 197
63 79 121
10 60 175
92 171 199
122 176 192
62 179 185
48 81 172
19 68 74
34 74 179
1 119 163
56 98 109
109 161 188
45 84 194
9 129 157
86 127 188
53 82 115
37 71 133
17 63 104
93 101 128
39 83 86
70 99 190
35 72 101
30 44 123
35 145 189
27 104 198
53 144 150
78 91 149
119 139 168
17 87 174
38 63 191
25 149 164
46 121 192
29 65 85
22 82 95
150 161 178
2 55 61
6 10 53
78 141 154
10 21 115
94 131 199
3 26 45
74 123 195
57 100 175
20 40 159
47 55 71
19 32 195
70 138 190
36 81 187
29 78 189
116 137 139
4 14 70
9 32 147 165
106 154 160
44 141 197
66 98 163
96 110 187
94 96 198
46 149 175
3 12 141
113 134 159
53 102 169
72 82 116
76 157 181
19 88 123
18 98 179
31 58 141
9 86 152
127 129 154
79 97 185
76 139 172
101 154 193
57 76 89
132 158 174
84 98 116
15 157 185
85 135 139
22 44 188
18 47 128
107 115 146
46 118 163
121 148 181
56 84 153
42 110 170
62 74 143
26 120 151
18 25 190
9 147 170
46 98 168
10 30 167
72 122 156
147 155 194
58 83 161
87 137 193
33 58 86
17 126 188
22 142 194
80 131 151
98 118 132
23 146 184
22 146 196
87 106 185
28 33 43 161 184
71 84 170
50 83 174
21 126 128
4 113 155
16 94 187
15 116 126
52 88 92
103 188 196
4 41 48 138
61 84 130
24 49 151
20 21 95
39 69 92
3 83 173
2 18 84
25 26 30
45 115 191
4 14 127
142 143 189
117 135 137 180
13 32 129
34 84 183
84 134 135
90 99 138
19 21 42
37 184 200
116 152 192
20 130 135
67 161 190
8 27 46 53
24 73 107
93 121 149
147 156 172
21 135 166 169
63 162 175
112 138 163
29 36 125
57 111 151 167
57 186 191
40 56 73
94 104 146
40 91 189
27 38 182
7 15 95
11 102 118
46 174 200
48 54 132
108 135 149
58 105 185
103 136 146
81 104 199
4 15 178
25 102 136
86 124 188
162 192 193
59 178 191
39 126 136
4 7 74
9 59 64 163
20 124 125
140 142 159 181
68 70 80
32 102 145
4 106 131
77 85 185
78 103 160
66 96 114
35 113 170
60 130 199
20 86 154
35 68 117
82 138 195
128 142 187
29 134 167
36 173 188
106 139 147
92 106 128
32 118 183
22 147 151
5 67 153
15 26 189
93 137 159
13 87 99
24 129 149
29 51 170
2 -4 -7 -1 -6 1 4 5 -4 -9 5 6 3 6 6 1 1 4 -5 -8 4 8 -8 0 7 -7 -2 2 -6 7 -2 -2 -2 -4 -1 -1 3 0 5 -2 -3 -5 -4 10 1 -9 -6 1 -6 -8 -5 -3 8 -7 2 7 -4 10 0 -10 -7 -10 3 -2 -2 -2 -1 -4 -6 -4 1 6 5 -3 -9 6 1 -7 -9 -2 -2 -7 0 -10 -2 3 -3 -1 9 -5 5 8 0 -9 -1 -9 -5 -6 1 -8 -4 7 -7 -3 10 1 9 -6 4 -10 -1 4 -9 -10 3 1 8 2 1 -7 2 -2 4 -7 2 -2 1 -8 -9 4 6 1 -2 1 -4 3 -6 -8 -6 5 10 -3 4 1 7 2 -3 8 -9 6 -3 7 -8 5 9 5 2 -5 -4 2 5 6 10 -5 -3 6 2 5 -2 -9 8 -10 1 -8 10 10 2 -10 6 -10 0 7 -9 5 1 -10 0 0 10 -3 4 -6 9 6 -8 4 3 -1 -2 -8
7 1 -5 1 6 5 -6 -10 -1 1 -5 3 -2 9 9 4 5 -8 -2 -2 9 1 0 -7 7 -7 -5 -5 -3 -7 4 -2 -5 9 6 8 -5 0 -9 6 8 2 1 1 -5 -4 -4 8 -10 -2 1 7 7 -7 9 -2 -4 1 9 5 -8 8 -8 5 -10 -9 -6 -8 7 1 2 -7 7 4 1 5 4 7 -2 -3 -6 -7 -10 -4 -8 -1 3 3 7 -10 -4 -3 -2 -3 -8 -3 -5 -1 9 5 3 6 -3 7 2 -2 -4 4 1 -7 -9 -8 -1 -4 3 -5 -7 6 -1 -1 2 -6 5 -2 3 5 9 -2 -8 -2 -2 -8 4 -2 8 -6 5 2 5 -6 -8 -8 9 -7 -6 -9 -7 -7 10 5 6 -8 3 -9 7 8 6 -8 3 5 5 5 1 -2 9 -9 7 8 6 9 -3 9 -4 4 1 1 8 -3 5 4 -2 -5 -4 -4 -5 -10 7 -10 2 6 -5 5 6 -10 7 3 1 -7 -1
5 -6 7 7 -4 -4 0 1 -1 10 10 0 7 7 -5 0 -2 -10 -2 -6 -9 0 -5 8 3 -10 3 3 -7 0 7 -2 8 3 -5 8 -8 -9 -7 -8 5 7 7 -6 6 1 -9 2 7 -7 7 0 4 -2 8 5 0 -6 -3 7 3 -3 -1 6 0 3 -4 7 1 6 5 4 0 10 2 7 -6 -4 10 -4 3 9 -6 6 -10 -8 -4 -9 -3 -9 -10 0 0 -9 10 -9 1 -7 1 4 2 1 -9 -5 -6 5 4 0 -6 1 -7 -9 -7 -10 7 9 10 0 -9 4 10 -1 10 10 2 -6 9 6 9 -4 0 8 -5 -1 -4 -2 -1 9 5 6 10 10 -2 9 4 0 10 -10 10 -9 -3 6 4 -5 -2 -5 5 -9 8 6 -6 -5 8 8 7 8 8 8 6 9 1 4 4 -5 -10 7 1 8 2 -8 4 -7 4 -6 -1 -4 -3 3 -2 7 -9 0 -1 1 6 6 -8 -3
-10 -6 9 5 2 -7 -4 -3 -4 -10 0 -2 1 -10 -3 5 10 8 -8 8 5 -3 4 -7 0 3 4 -3 -5 5 -8 -2 -7 9 5 -5 5 -6 10 2 4 5 -4 -4 -7 -5 1 -3 -4 3 -10 8 5 -7 -2 4 -7 4 8 9 -10 -6 3 8 -5 -2 -5 -8 8 3 1 7 -1 1 6 -2 -2 9 -2 -1 0 5 -8 8 -5 3 7 -5 -8 0 5 6 1 10 -3 0 -4 5 -8 6 -6 5 -4 -3 -4 9 10 -3 -4 8 2 1 5 -3 2 -7 -8 9 -3 -7 3 -2 10 -10 -5 8 1 3 1 6 3 -8 -6 -5 -10 7 3 -6 -1 -7 -10 -3 -2 8 -2 8 1 0 -9 5 -7 -6 -2 -3 -7 2 -9 7 9 -5 6 4 4 -8 4 0 4 4 9 1 -3 7 -5 10 -8 -4 -7 -6 -5 -10 1 -1 6 -2 -4 -9 -6 -3 -8 4 -5 -6 7 -3 -7 -9 5
-7 -4 -8 10 -7 2 5 4 6 8 3 7 9 3 5 -8 -7 -4 8 0 -1 -6 -4 -8 -8 -10 9 0 -6 -8 3 -4 -4 -4 2 6 4 -2 0 1 2 2 8 9 4 0 -3 10 2 5 0 2 9 9 9 -9 10 -1 -5 1 8 3 -4 -9 -8 9 -3 -3 7 -4 4 7 -4 -2 -4 10 0 8 -8 1 3 -9 0 -1 0 -8 -4 4 -9 -6 -2 -6 7 7 -3 1 0 0 7 7 -4 -6 2 -7 -6 -1 -10 8 6 7 -7 0 -5 10 2 -10 6 -2 -4 -7 6 8 -2 2 -9 10 -7 10 2 2 -1 -9 -1 10 -4 1 -6 5 -9 -2 -3 -10 -6 -5 -5 2 -1 -7 10 -4 10 6 1 -10 -4 -1 -1 -3 8 7 7 -3 8 -1 -3 8 3 0 -10 3 -2 3 -3 -4 6 -7 0 -7 8 6 2 8 -3 -2 3 2 5 10 1 0 6 2 1 -10 -8 2
-7 3 -6 10 -1 5 4 5 -9 -6 10 -6 7 -8 -2 5 1 9 -5 -5 -9 3 0 3 -6 -7 4 -10 -6 -5 0 4 -2 5 -10 -2 -8 4 1 -8 -8 2 -3 0 1 0 -4 8 -9 -7 0 1 -5 1 1 7 8 4 -2 4 9 8 4 -8 4 0 3 -8 -6 4 5 -6 -8 10 7 6 -10 7 -8 10 -7 -2 3 7 7 4 -5 2 5 10 5 5 -6 6 0 2 -2 -10 -3 1 -1 -10 2 -1 -8 -7 10 10 -1 -10 4 3 -5 5 7 -4 4 6 -8 -7 4 -7 -2 -7 6 -2 -8 -3 -8 -2 10 -5 -1 -8 -8 -10 3 -6 7 -10 2 4 -2 -1 6 -3 10 10 7 -9 -7 -4 5 4 6 6 6 -5 -2 -6 -4 -1 5 -8 -9 -10 5 8 6 4 8 1 5 0 9 -10 8 -2 -6 2 9 -3 -8 1 8 6 8 7 -7 -2 8 2 -1 0 5
-7 3 -3 5 5 -3 2 -6 -7 1 6 -10 -8 -3 4 -8 7 -9 4 9 4 3 -6 0 3 -1 4 5 5 -1 -9 -4 10 -10 10 7 -7 -10 -6 8 -7 8 7 -2 3 -10 6 -6 -6 -1 -5 0 -5 -9 9 -2 8 6 -1 -4 -1 -5 -7 -4 -3 0 -9 -10 3 5 -10 8 2 -3 -9 3 -1 5 -7 -6 -9 -9 -9 4 -10 3 -8 1 8 3 -8 7 10 6 -9 5 7 2 -2 8 0 -6 2 2 -3 9 1 7 0 -9 10 -4 -9 3 9 -7 -6 -5 -5 3 3 -10 9 -9 -10 -10 -8 -1 4 -2 -6 -9 -5 4 3 2 -6 -5 -2 4 -8 8 -5 4 -5 -10 5 -10 -6 -2 7 -9 -2 -2 4 -7 10 4 -10 3 -6 0 10 7 2 5 -2 -10 7 -5 -5 -9 9 -1 -6 -9 8 8 3 10 -9 -6 2 -1 -6 7 1 9 8 -4 8 -1 -7 -10
8 -1 -6 10 9 -5 -8 10 -9 -3 -10 1 -1 0 -2 -5 -9 -5 9 3 7 -6 -7 -10 -1 -7 -5 3 -6 2 -10 1 0 -3 -7 7 -10 7 -1 0 8 -1 -7 8 6 -5 -9 -9 -9 -9 1 -5 -5 -6 -2 3 8 -7 3 -2 -1 4 7 7 -10 -3 -1 -6 -2 1 -10 3 -5 10 7 8 0 0 -7 10 2 10 2 4 1 1 7 -6 -1 -7 -10 -8 -1 10 -1 8 1 10 5 -2 -7 3 4 -10 4 7 10 -4 5 -5 -6 -7 10 5 6 8 2 10 -6 9 7 -5 -1 2 -9 -7 6 9 5 3 9 -10 10 -5 1 4 -1 5 -9 7 -1 -1 -1 8 -6 -7 1 0 10 -6 6 -6 -1 2 0 9 0 -8 -2 8 -6 3 5 -10 8 10 -3 -2 -2 8 6 1 -3 -9 6 -6 -2 -8 -4 -6 7 9 3 7 2 -7 10 -3 8 -4 -6 -5 0
-2 -4 -2 -8 9 10 6 -8 -2 -8 3 -2 -10 -6 1 2 -5 -7 7 9 0 10 8 -1 1 -8 1 -4 4 -7 9 2 3 6 6 3 5 -4 -9 -10 -8 5 -8 7 7 -5 -5 8 -10 3 1 -5 -6 -7 -8 -2 4 0 -3 0 5 -2 1 6 6 6 3 5 6 5 1 -5 -5 2 -1 10 4 6 -3 -1 -5 1 10 3 4 2 7 -10 8 1 3 -2 0 1 6 1 -6 -1 -5 8 -1 2 9 7 -9 9 -8 -5 2 -1 -9 -7 7 -1 -8 3 2 8 -8 -1 -5 -2 -2 -6 -7 1 -9 5 -8 10 0 0 -1 1 10 -5 10 -7 7 10 -6 8 4 2 6 1 4 8 -5 10 -9 -9 -2 2 -8 -2 0 -8 5 1 6 -10 2 3 5 -8 -7 -8 0 9 2 10 -3 6 -9 9 -7 -9 -5 6 2 8 8 -8 -5 7 6 8 10 5 2 -6
7 9 -2 8 10 6 9 7 -9 8 5 5 7 -1 10 8 -5 10 -9 10 9 1 -6 -10 3 2 3 3 -2 6 -1 -10 -8 4 -2 -5 -5 10 6 -6 10 -8 -7 1 -8 9 8 -9 -5 10 6 -2 -4 4 8 -5 2 -2 7 2 -5 -3 -8 1 8 3 10 -1 -10 6 -7 -6 -7 1 -8 -8 4 -5 -5 -10 -1 5 -4 10 -8 -4 -8 9 0 -4 -3 6 -8 -6 5 10 4 4 -9 -8 -9 -3 3 1 8 3 1 7 -2 -4 9 -7 -4 -2 2 -8 3 -6 -5 4 10 -3 6 3 -3 -5 4 -1 3 -8 -10 -7 -3 2 2 -6 3 -6 -8 9 -5 -5 2 -3 1 0 0 5 4 9 -1 -1 -4 7 2 4 3 5 1 -9 10 -10 -10 -5 5 -9 -3 -5 7 -8 -7 5 -1 5 3 5 5 10 -1 -4 7 1 10 6 -6 -3 0 7 5 6 -9
0 -3 1 -7 -8 -4 -4 0 7 6 3 9 -10 10 -7 9 4 9 8 -10 -6 -1 2 4 -2 -6 -9 3 7 7 -1 0 -10 -10 1 -1 8 1 -9 7 -2 8 0 -1 8 -5 2 -5 8 1 3 -4 1 -7 7 3 -7 5 1 -9 0 4 9 6 5 1 1 2 6 1 -7 1 0 0 -6 7 9 1 -10 1 -9 5 5 6 -2 10 10 8 -4 1 -3 -3 -8 -10 -8 1 8 2 5 -1 1 -9 10 -4 -9 -6 -3 9 3 3 6 -3 4 -7 5 -9 0 10 -2 1 3 10 -3 0 -9 -2 3 -3 6 4 -6 -5 -10 5 -6 0 4 5 10 6 -10 -6 -1 1 3 1 -1 -4 6 6 -6 -9 0 -7 -1 4 -3 1 5 1 -6 6 -10 -4 10 9 -1 2 -2 -6 -3 -2 -3 7 5 -4 10 -3 3 -5 8 10 1 8 6 8 10 6 1 7
8 5 -10 -9 1 -8 0 -3 -1 6 -6 -8 -8 7 7 7 -8 -8 7 3 -9 2 0 -2 -1 1 -1 3 -8 -8 9 -8 -7 0 9 -4 -5 0 -4 -3 -9 -8 9 7 -10 -5 -8 -1 -5 -7 -10 8 2 9 0 8 4 8 10 -4 7 4 4 9 10 8 10 4 7 -9 10 10 -4 1 6 2 5 -8 -5 -1 8 -3 8 7 0 -9 3 9 -6 1 0 -9 0 -6 -3 -2 -4 7 4 9 -8 -1 -9 -1 0 2 -10 -6 -2 4 -5 6 -6 4 1 2 3 -10 0 -4 -1 3 -7 -10 10 -2 4 -4 5 7 5 2 3 -9 -6 -5 -8 10 -2 -3 -6 -3 -1 7 -5 0 -5 0 -4 -8 2 3 6 3 -2 0 -5 -2 6 -1 -10 8 9 -7 -10 10 3 6 3 9 0 10 9 -2 2 10 -10 3 -6 7 3 1 10 3 -3 -8 2 5 10
-8 5 6 -2 2 0 -3 6 -5 2 6 -10 3 -6 -2 -6 -3 9 1 0 -8 -8 -1 4 10 -3 -1 -6 1 -6 8 4 9 3 5 -6 2 0 -5 4 -3 -6 3 0 1 0 1 6 -8 4 8 -7 -4 -9 8 3 0 -6 10 -5 9 8 7 -5 6 2 3 10 4 -8 2 -9 -9 8 -7 1 1 0 6 -3 -3 -3 -9 -5 -9 9 -5 3 -4 0 -10 -4 1 -8 10 4 1 6 -5 7 5 8 4 8 -7 0 -7 -4 8 6 -3 3 9 -1 6 7 7 5 -9 4 3 4 -5 -2 5 -7 10 -9 10 -6 1 -5 -8 7 6 -6 -3 -10 10 -3 0 -8 7 8 1 -9 -7 -2 1 -2 6 7 0 -9 -9 1 -4 2 7 -6 3 -2 7 2 6 6 -8 9 -9 7 -2 -2 -2 8 8 6 -9 -6 10 7 1 7 7 4 -10 5 5 -10
10 10 9 -7 -6 2 -2 9 -1 -6 -1 -2 -6 10 3 8 2 7 -4 4 -9 8 1 -6 -5 2 -6 -9 1 8 -1 -7 -3 -4 -8 10 6 10 -10 1 -8 -6 0 10 4 -7 3 -2 8 3 -1 -3 -9 -2 -6 -3 5 5 10 -6 -6 4 3 4 9 4 9 -9 -3 5 1 8 -8 -8 4 4 -6 -5 -3 -1 -4 5 10 2 -1 4 1 6 7 -6 8 1 -8 1 -3 -6 -1 -7 0 2 -6 -2 5 -3 -10 4 -1 -1 -10 8 3 -9 6 -2 5 5 5 -5 3 -6 -3 -3 -6 10 -8 6 6 1 7 3 6 -1 4 3 -6 -6 -3 2 -6 2 7 10 -10 6 -4 -4 4 -5 -5 9 5 5 0 -5 3 -10 -7 5 5 -9 -3 -10 0 5 -3 -3 3 8 9 10 8 -6 -8 -10 5 8 1 10 -1 1 8 -1 -2 -10 -3 -4 -7
2 9 7 -10 -4 0 0 -8 -8 0 10 -5 -4 -1 -2 0 3 -2 10 -3 -7 9 -7 1 1 -8 -2 -2 1 4 -2 8 -9 6 10 -5 0 7 5 8 -5 9 0 -10 -5 -10 8 -3 -1 0 7 -8 -3 10 5 9 -3 2 -1 -1 7 8 -3 8 4 -3 -9 -10 9 10 4 -4 -10 2 9 -6 -8 -1 8 -3 -6 6 9 -2 -9 7 6 -6 0 -2 -4 6 1 0 9 2 -6 -3 4 6 -9 -9 -7 7 0 -2 9 7 6 1 -3 5 5 5 9 -8 -7 -1 -1 -5 6 4 7 6 6 6 -8 1 6 -8 7 -9 5 -10 -6 8 6 -6 8 3 -1 7 3 -6 7 3 -9 6 -1 -4 4 8 4 2 -6 9 -2 -3 -5 5 2 4 0 -5 5 10 4 9 -6 -7 -6 -8 -5 8 -9 5 -7 6 5 -2 4 -8 -2 -1 2 9
-2 4 -10 -6 5 3 7 -9 -10 3 5 3 -5 -8 1 3 -7 -2 -7 9 -7 -9 -7 -9 5 -2 -1 -6 10 -1 -9 -3 -7 -3 -2 3 0 -5 -4 -1 6 7 -9 -3 5 5 -5 -4 -8 0 3 -5 0 6 5 9 5 -1 4 0 0 8 -2 6 9 -8 -9 -8 9 0 -10 8 10 -2 3 2 4 -6 0 -5 2 0 -3 -6 -4 2 3 10 -8 3 8 8 -2 5 10 10 -8 7 2 5 5 1 6 -8 2 -9 8 -1 -1 10 -7 3 6 -1 1 2 -7 6 -4 4 2 3 4 2 -4 9 -2 10 9 2 1 2 -7 8 1 -6 8 4 3 1 10 -7 -5 10 5 8 -3 -10 3 5 -6 5 -1 -5 -10 -9 -2 -10 7 -10 8 -3 0 -5 -5 -9 -7 -3 -8 -4 1 6 -6 1 -9 10 -6 0 6 -6 3 -2 -5 2 -1
8 -1 -3 -4 3 -1 -5 0 -4 -6 3 -1 -5 2 4 -9 -6 -9 -4 -2 10 6 -9 1 5 3 -1 -4 -1 7 8 -2 7 -8 -6 3 8 -1 -1 -5 4 5 -3 -9 10 -7 0 4 9 -1 7 -7 7 2 -7 0 -10 1 9 -1 9 -8 -1 -4 -2 9 3 6 7 10 10 -1 9 -4 -3 -7 -7 0 5 -4 8 6 3 -7 -7 -2 -7 -1 -1 -10 9 -10 -8 -1 -1 -5 8 3 7 -1 1 -4 10 2 -3 10 -5 1 5 3 9 -1 -5 7 10 -4 3 3 3 10 -1 6 7 -8 -10 -6 7 10 -3 7 2 2 -3 -1 10 -5 -4 -8 10 2 -9 8 5 -6 6 -6 6 -2 8 -3 -5 -2 -6 3 -10 1 -2 -4 -10 -3 -4 -6 -10 -6 8 -1 2 -9 7 5 1 -7 1 -3 -8 1 -6 -10 8 6 -2 -5 -6 -2
-1 7 -1 1 -1 -7 4 8 -7 -2 -9 1 6 -2 4 -8 -3 -8 -8 -1 3 1 2 -2 -6 -1 6 0 2 -9 1 -2 1 -1 -3 -6 7 10 -4 0 7 8 -6 2 -9 -6 2 8 6 -1 -2 -7 -10 8 -6 8 -9 -7 -6 -7 -8 7 -2 8 7 10 -6 -8 -3 -5 -2 5 4 -7 -4 -5 8 8 -2 3 -6 -8 9 4 -1 -7 2 2 -3 7 -1 -2 -9 -6 7 -9 3 10 4 -1 10 3 -2 6 -1 9 -6 8 -4 5 2 -4 -7 10 -9 3 4 5 6 -9 7 -3 -10 -6 -8 -1 4 -10 -3 -9 -5 3 4 3 -4 8 2 -10 -5 -8 4 -3 8 -5 -1 10 4 7 -6 5 -3 -3 -6 -1 10 10 3 -6 -6 -3 3 3 -2 0 0 5 -7 6 -7 -10 -4 6 10 9 10 -1 6 3 -5 -3 -9 -10 10
7 3 8 9 -1 -4 -1 9 9 2 0 -6 10 -6 4 6 3 1 0 10 1 3 10 -4 -3 10 9 3 2 -3 7 0 9 -2 8 6 -2 4 8 8 3 8 3 3 0 7 0 7 -7 -5 -2 -5 1 -3 -9 3 0 -8 -4 -4 1 5 -3 -7 8 -8 -6 1 7 10 2 4 10 -4 -5 5 3 -1 -10 4 4 3 -4 8 9 9 -4 -6 5 -6 4 2 3 8 5 -8 -6 8 8 -4 9 -7 -8 2 -9 0 -10 1 -10 -8 -4 -10 7 9 2 4 2 -10 9 -4 -1 9 0 -8 7 -10 -5 1 6 6 0 2 -3 9 -2 3 0 1 9 -2 -9 -10 10 -9 0 -5 -6 9 -4 -7 1 -8 -6 1 -1 8 -9 -2 0 -8 -9 -10 -2 -6 -2 7 2 0 -2 -5 0 -1 9 3 -6 -5 -3 9 9 0 10 9
9 -5 -2 7 9 8 -8 7 -4 10 0 7 -6 -6 -1 5 -9 -4 -2 7 4 0 -8 -8 3 8 -9 -4 -5 -7 9 -7 0 10 -3 -10 3 -4 0 3 3 2 8 6 -6 5 -1 -8 0 5 3 4 -10 -6 8 -7 -6 -8 -4 -9 7 5 1 5 -5 -8 -5 -5 -3 7 4 -9 -5 -1 -7 -7 -5 5 -9 6 10 -5 -1 6 -3 6 7 -6 -8 4 -7 0 3 1 -9 -3 -4 3 -3 -2 -2 -3 -7 2 -4 -6 9 -3 4 -4 4 8 1 7 6 2 -8 -2 -3 8 1 3 -5 -6 -5 -10 -10 -9 3 -10 1 -7 0 -2 -10 -6 -10 -2 2 -5 10 6 2 -6 -4 -6 -8 2 -9 5 -5 5 5 3 -7 -6 9 3 10 9 8 3 -3 9 1 -1 -1 7 4 -3 -3 -6 6 10 -7 8 0 -10 9 -6 2
6 -8 6 8 -4 9 5 -2 -2 -5 8 10 -4 -8 5 -8 -7 -3 -7 2 0 -7 8 -2 -6 4 -2 0 0 3 -7 8 9 1 -3 0 -2 -7 -4 -5 4 -4 0 -2 2 0 0 -5 -6 7 9 9 10 2 -5 5 -7 -3 -1 7 5 3 2 5 -10 1 2 -4 -7 -3 -4 10 7 -3 -1 -4 0 8 -5 10 6 1 10 -7 0 1 -1 -8 -4 7 -8 -6 3 2 6 1 -8 -5 -7 0 2 3 9 6 -3 -9 -1 -1 -8 3 -5 -2 8 2 0 8 4 -6 -10 4 -10 -6 -7 10 3 6 -7 2 -4 10 5 -3 -3 -4 6 -8 1 0 -4 -4 -6 0 -5 4 -4 5 -2 2 -9 3 9 5 -6 3 4 0 -7 -3 10 -1 1 -10 -6 -5 9 -10 -5 -7 8 -9 3 10 8 8 -7 -7 1 -8 2 6
2 -2 -6 3 -7 -6 -2 0 10 7 3 3 -9 3 -5 -7 4 -2 -6 10 1 -4 8 -9 6 -7 8 -9 10 -8 -6 -2 6 9 8 -10 0 7 -2 -1 -3 2 10 10 9 -6 -5 -8 3 -9 -9 0 -7 -7 5 -9 -4 0 1 3 -4 8 8 -10 0 8 -7 9 7 0 9 -3 -3 -3 -2 8 -7 1 -4 -8 10 -7 -10 -1 10 5 6 6 8 -7 5 -4 -8 5 -2 -10 -7 8 -2 -9 -5 -8 8 5 -10 2 -2 -4 5 -6 2 -6 9 -7 -10 -2 2 -6 9 -2 3 3 -7 6 -10 -7 -8 3 6 -7 0 -6 6 9 9 -2 4 2 -2 5 1 5 -9 -2 6 0 -8 6 -8 -6 -3 8 -8 -8 -2 -5 1 -8 -3 0 5 8 0 -1 -8 6 -4 10 -8 -8 0 9 5 -9 7 7 -3 -8 -8
-4 -8 9 10 7 9 -6 -2 -8 -1 -6 -8 3 7 -2 -5 9 2 4 -3 -8 -5 6 -2 -9 -4 6 3 0 -9 6 -1 -9 -3 3 9 -5 2 4 -6 -8 -10 8 -2 10 3 2 8 -4 -6 -9 9 0 -8 9 -7 -2 10 -3 4 -3 1 9 -9 3 -7 2 -7 3 7 9 -9 -10 0 -10 -7 6 -2 -3 -3 8 0 2 5 5 4 -7 -6 1 7 10 2 9 5 -6 3 -8 -8 -7 7 1 0 3 -8 -7 0 7 0 -6 2 5 -6 -2 4 4 7 4 -2 9 -2 4 5 -6 10 -3 1 -1 1 10 -10 9 10 9 -10 2 -1 -10 -5 -4 4 -4 0 -4 -4 4 3 -6 6 10 3 -6 -4 6 6 9 9 -9 -2 10 8 -4 -2 0 -2 -6 -4 -5 -1 4 3 1 10 2 -5 -6 -4 2 6
5 -10 -7 7 -3 4 -10 3 9 7 3 8 -10 7 -1 10 9 1 -1 -10 2 -2 4 8 4 5 -6 -1 1 5 8 7 -1 -2 -9 -6 1 9 8 8 -10 10 3 1 -1 3 10 0 -6 -6 8 0 -7 0 -10 -2 -10 2 3 7 -7 -3 5 -10 -6 2 -6 -2 -7 -7 10 8 7 -8 2 6 -7 3 10 -5 -10 7 3 2 6 8 5 1 4 -2 -10 -9 -4 -5 2 -9 1 9 -9 2 10 5 10 -4 -1 -3 -10 6 6 9 4 -9 6 -5 10 7 -4 -10 7 3 -8 -1 -7 0 -7 6 -6 9 5 7 10 -6 8 4 1 3 -7 -7 1 4 -2 -5 2 5 -3 10 0 9 -3 -9 0 5 -4 2 7 -5 -5 -4 9 -1 -6 5 8 10 6 -1 7 -3 0 1 9 4 -3 2 2 -2 9
8 0 -9 -6 -6 8 -6 -9 -6 9 8 -1 -3 -9 -1 -4 -7 -7 -6 -8 -2 5 -6 -2 1 -4 -4 -9 10 0 -5 3 10 1 9 4 1 -9 3 -1 -7 -8 10 9 0 -5 -6 -6 -3 -2 7 -2 7 -5 8 -4 6 -5 -6 -5 2 2 -1 -8 -4 -8 1 -10 3 2 4 1 6 -8 -3 5 5 -1 10 -5 -2 4 -10 9 1 0 -6 10 10 5 8 3 -2 2 6 0 -1 4 6 -1 -7 6 3 -4 5 -3 6 5 -3 9 2 1 -10 -5 -3 -10 7 4 -10 -9 4 5 -3 9 -1 3 -1 3 4 8 -1 9 10 -8 -1 3 -5 -6 8 2 -1 6 -3 -8 -10 -10 9 8 -6 4 1 1 -2 3 10 -8 6 7 9 6 8 6 -8 -5 -1 -6 -8 9 5 5 4 -8 -7 -6 4 -6
2 9 4 2 9 1 -2 8 -9 -7 3 3 -6 10 -5 1 8 -8 8 1 2 -2 -4 -5 7 7 5 9 6 -6 -1 -4 10 1 -3 1 -8 2 -7 -7 -3 -10 -7 0 3 5 -7 -5 7 -5 3 5 3 -8 -4 2 -9 -5 -2 -3 -10 -8 -4 -7 4 1 7 -8 10 9 -10 -2 -1 9 1 -5 -3 4 -6 -10 6 3 9 5 0 -10 8 7 2 -5 8 -4 9 -1 6 6 -2 0 -6 -4 0 1 -8 -6 5 4 9 -4 7 -6 10 -5 -4 -8 2 -9 7 -9 5 2 4 -9 -7 7 -4 6 9 -10 -4 -1 -9 -1 10 -8 2 -5 -6 -6 -10 -3 -2 0 -10 9 1 -4 -10 1 -1 -2 -7 1 -2 7 -7 4 2 -10 2 0 -6 -2 7 5 2 1 -8 9 -8 5 -6 -9 7 4 8
-3 7 -5 -9 -7 -4 -10 -6 -5 10 -8 -4 -4 3 2 2 9 6 2 -6 -2 4 -4 9 -2 10 10 0 10 5 -7 -1 -8 9 2 1 -9 0 -6 -2 -2 0 2 1 -4 4 5 -2 -5 -9 8 7 7 -8 -5 -3 -4 -1 4 0 7 -4 3 -1 -8 4 -2 -10 1 6 -2 -8 5 0 3 -5 2 8 7 -8 -1 -7 -8 -5 6 4 4 -9 -9 5 4 2 -2 0 9 -2 -4 2 8 5 2 8 0 4 9 2 3 4 -4 -1 7 -5 10 4 -7 7 -10 -6 -3 -9 -1 4 0 8 2 -1 10 -9 -10 -1 -7 10 3 -10 -8 1 -2 5 -3 6 -10 2 10 -2 -6 10 5 -5 -4 0 5 -9 8 -4 4 7 -5 7 -4 -9 -5 -3 -10 6 -2 9 1 -10 8 1 -3 5 6 7
-10 8 -1 -5 -9 3 6 0 2 1 -7 2 5 3 -10 10 1 9 -3 6 -6 -7 -6 -10 -3 -4 9 -4 10 -5 9 1 -8 -10 6 -5 1 2 -1 -5 -8 -1 7 2 9 -5 3 3 7 0 -7 1 1 2 9 2 5 6 9 6 -1 -7 -9 2 2 -10 -1 3 -4 7 5 2 8 -5 10 3 -8 -3 6 10 9 6 -8 -2 7 2 -1 5 6 -3 1 3 -4 -8 2 -10 -5 4 1 -6 4 -7 -6 -7 -5 4 2 8 1 8 7 6 1 -7 6 -1 3 4 -2 -8 2 1 -5 6 -4 1 9 1 -2 4 -3 -5 -10 1 -9 7 -8 -4 -5 -7 4 -4 6 5 -9 -6 9 4 -7 -1 -9 9 -2 0 10 7 6 -4 -3 -7 1 -1 1 -9 -9 6 10 -4 -9 3 4 -5 -6
0 -10 6 -6 2 5 10 -5 -4 -3 -7 -7 0 -1 -9 -3 -4 10 -6 -3 4 -8 0 5 3 2 -4 0 3 9 -8 9 3 5 -8 -8 -5 10 3 -3 6 -8 6 -2 1 -2 -7 5 -10 5 -4 -10 1 10 4 -5 -8 4 8 -2 5 2 -3 -6 -6 10 -4 9 5 10 10 -2 -2 3 0 6 -6 8 9 4 6 9 1 -7 7 3 10 -1 -2 -4 1 -3 -7 6 -4 0 5 10 -6 -4 2 9 -5 -10 1 -1 -8 -7 -3 -9 -6 -5 5 8 2 -1 -10 3 6 -10 3 -5 9 -4 -1 0 -6 -10 2 -1 -2 3 -4 4 -2 1 -4 -5 2 -4 1 1 -5 -4 0 -9 -4 7 0 -10 9 3 4 0 4 2 5 -10 -5 2 9 2 -1 -1 8 7 7 8 -5 3 1 8
0 -10 0 -1 10 1 0 -1 5 9 -8 4 2 10 -9 7 6 7 9 8 10 -1 0 2 -3 0 9 -2 10 -1 6 -1 10 -10 2 5 3 3 -4 -4 -6 6 -6 -5 4 -9 2 6 -1 -5 3 6 2 -3 5 4 4 4 6 -3 3 7 5 8 -3 -6 6 7 5 -7 -5 9 8 4 5 -6 -10 8 -1 9 0 6 -2 1 -4 5 -8 2 9 0 6 -6 -1 5 -4 2 5 8 1 3 2 6 4 -10 3 -9 -6 -6 3 -5 1 2 -6 -3 8 -7 2 6 6 -2 -3 -7 -1 5 2 -1 6 1 10 -2 4 3 -5 -6 1 -8 1 -1 -4 -8 2 5 -5 8 -5 5 6 2 -2 -8 -4 4 -5 0 6 3 -9 7 3 10 0 -6 8 -7 -7 9 7 -10 -2 1 3
-7 -5 10 5 -8 9 6 -4 6 -5 -4 -9 2 -2 2 7 2 3 -5 0 -7 -8 0 8 -10 -3 -7 3 -5 1 -3 -5 5 -7 0 10 -6 -5 9 -1 -8 -10 6 7 -4 -8 2 -9 -2 -8 -3 -2 1 -10 9 -2 -7 6 5 -9 1 -9 8 -5 -1 -3 -4 4 -4 4 -10 -8 4 1 -5 -5 -9 10 -3 3 6 -8 -6 8 -7 1 6 10 -3 -3 10 10 -3 -5 6 -5 6 -7 2 -9 4 -9 9 -10 9 -5 -8 -3 6 10 -5 -4 -3 -7 6 5 -5 -4 -8 4 -5 -8 10 -6 10 3 -5 6 -3 -3 -5 -5 4 9 7 8 5 10 5 7 3 -9 -8 -4 5 5 1 -10 0 -9 -4 4 3 10 10 -4 -9 -3 10 -4 2 -1 -2 -5 -10 -8 0 -8 1 2
4 1 0 6 7 -2 8 10 -2 6 -8 -2 -10 9 -2 8 0 -6 -3 -5 10 -2 -8 1 -7 6 -5 0 2 3 2 -8 6 -6 10 7 4 4 -2 10 3 2 -2 -1 4 3 8 10 -8 9 -6 4 -3 1 4 -8 -5 1 -10 4 -4 8 -10 -5 -8 5 -7 -3 9 -5 -3 1 -3 1 -2 -8 -9 5 9 -3 -3 -3 9 7 6 -4 -5 -6 2 -3 8 10 -9 7 7 0 6 -4 10 6 4 -7 6 -2 7 3 10 7 3 0 2 -9 9 2 4 2 2 4 0 -4 10 4 1 3 -4 -2 10 -8 8 3 3 10 -10 -9 -3 -6 -2 -8 9 3 -5 -6 2 7 -10 1 1 4 2 5 7 5 -5 -8 -7 5 4 2 0 -7 -7 -2 7 -10 4 -7 -8 -2 -3
5 -5 0 1 3 1 -2 -6 -6 -10 -3 1 -8 -8 5 5 -9 -9 8 -8 -3 5 2 10 8 -6 -6 6 -2 -5 -9 2 5 -5 -4 2 1 -3 -9 -4 10 -4 -2 1 -1 -4 3 -6 5 8 7 4 -5 -1 3 -2 3 1 -9 8 4 -1 7 -10 -5 8 -2 4 6 -5 4 2 3 -8 -10 -7 -7 -5 -2 -1 6 0 9 3 1 -3 -2 2 1 10 9 10 -10 -5 -5 5 6 6 -3 0 -1 8 3 1 2 -3 -3 -4 0 0 8 -2 9 9 2 7 -3 7 6 -5 6 5 -3 -6 10 -9 2 2 -2 -1 4 5 8 3 3 -3 5 -4 -4 1 1 7 -9 7 8 -5 6 4 10 4 7 -5 5 4 -6 -3 4 6 -7 8 -10 7 -10 3 1 -2 -8 -2
1 2 -8 0 -7 3 -8 0 -5 -8 0 6 -2 1 -10 10 -4 -1 -9 3 5 -8 6 -6 -5 -7 2 -8 1 3 10 5 6 -7 7 7 10 -3 -2 1 -9 3 1 7 -7 3 -9 4 9 9 1 7 6 1 2 -9 9 -4 10 -8 0 -4 3 6 -9 10 -1 3 6 7 -9 8 -8 3 -9 -5 10 -8 -7 -8 -4 -4 7 6 -8 -2 -4 2 7 0 -2 -5 -6 7 8 -2 2 9 -6 -6 -5 10 0 5 -9 -3 8 -3 8 -9 7 4 2 1 -3 -8 -1 -4 0 -3 6 9 -2 5 -4 -3 0 2 1 -3 -4 10 -8 -2 6 3 -4 5 8 2 -2 3 -9 -6 5 8 -2 -7 -9 3 4 6 0 8 -9 -5 -10 -5 6 -9 1 8 5 -1 7 3 -5
2 6 -10 2 4 -5 -1 8 6 6 -1 -4 -2 -3 -7 1 -2 10 1 4 -2 -6 -6 0 0 5 8 8 6 2 -3 -3 -9 3 5 6 -7 -8 2 -6 5 -1 8 -3 -2 0 -8 1 -4 -2 8 2 1 -5 -5 4 1 -5 -9 -4 5 -4 -10 6 -8 4 8 7 1 1 -8 0 7 1 0 -1 6 5 10 1 -4 4 6 3 -5 -2 4 0 1 -5 10 -3 3 5 -1 2 10 2 3 1 3 7 -10 6 4 -9 10 3 -4 -2 8 3 -5 1 -10 3 3 -4 6 8 -7 0 -5 4 6 8 -1 -6 -7 -6 -9 -8 4 6 -5 4 -5 0 -3 0 6 9 -1 0 -2 -10 -5 -2 -1 2 -4 -5 -4 -10 -9 8 8 -4 -4 -7 -8 -2 4 -8 -8 8
5 1 0 -4 8 -3 -9 -4 -9 -3 -7 -10 -2 -2 10 0 6 4 1 10 -6 0 4 5 6 -7 7 -5 8 -5 -8 -7 -6 6 9 3 -3 5 7 2 -7 9 4 10 0 3 6 0 5 -4 1 1 10 -10 7 0 5 5 -10 -4 -1 2 -10 4 10 5 -10 2 -8 1 2 2 5 7 6 -9 -10 1 6 -9 0 2 2 -5 10 7 -10 1 1 7 10 5 6 6 3 -4 -7 -9 10 8 5 -1 5 -7 10 -6 -5 -7 -3 -7 -4 -8 5 -6 -8 4 8 -10 1 7 -7 -8 4 4 7 0 4 6 -1 -9 6 9 -1 2 8 6 -8 8 -3 10 10 2 -2 -9 -8 -6 9 1 7 -6 -7 8 5 -6 9 -3 8 4 0 7 -6 1 -8 2 8
10 0 8 8 -2 7 9 5 -2 1 -10 9 -5 -7 -10 9 6 0 3 -5 6 9 -9 0 5 -3 1 6 -9 -1 -2 -10 10 6 10 4 10 -7 -2 -3 8 2 9 -4 -10 -8 -5 1 1 6 1 -7 8 4 -5 -5 -10 10 -10 10 -5 4 2 0 4 -5 -10 -7 -6 -6 -4 -10 3 3 9 9 -4 5 -4 -7 9 1 5 -6 -1 4 -10 -3 -7 1 -10 1 6 -3 -6 2 10 9 -9 -9 1 3 -3 5 4 1 0 10 -10 9 7 -7 -6 2 6 5 0 2 4 -7 7 9 -2 2 3 1 -6 5 -10 5 -2 8 -1 0 5 4 -8 2 -4 1 -3 0 4 1 3 -7 -7 3 6 -5 -10 -10 2 0 8 9 5 5 10 -1 -4 6 8 -4
-9 5 8 -3 -9 -7 -9 -8 1 -2 0 -2 1 5 1 10 8 10 2 9 4 -8 -10 -2 -1 9 -4 -2 -6 -8 10 9 -10 -6 -4 -10 6 3 4 -3 2 6 -10 -10 1 8 -4 8 5 -4 -7 1 -8 6 10 -9 -9 -2 8 -4 -9 2 -6 7 -10 8 -5 -6 -1 -6 6 -3 -2 5 1 -6 -10 3 7 10 9 10 2 8 3 -8 -6 2 -9 -1 -9 -5 -4 -5 -2 -10 -5 1 3 4 10 0 -10 -3 -4 5 5 1 9 -5 0 10 3 3 -7 -3 -5 1 -4 -4 -4 -6 9 -4 -1 -6 -3 9 2 10 -1 -4 7 2 10 -5 10 -10 4 -2 2 0 8 -7 -9 -3 1 -6 8 -4 -8 5 -10 -9 -1 -4 6 -10 -5 3 -9 6 -1
-5 -9 -5 4 -9 -8 10 0 -7 -1 6 -9 -8 -6 5 -4 -1 4 8 10 5 4 -6 -1 2 -10 -7 9 -3 -9 -7 9 4 -5 -1 6 6 -4 0 -2 9 2 -2 8 7 1 8 1 4 -10 -1 7 7 -2 -5 10 5 -1 -7 6 1 8 10 -1 -3 -5 -3 4 2 9 -8 3 2 10 1 5 -9 5 5 -5 9 -7 -8 -3 -5 -1 4 2 -2 -2 2 -7 -7 -2 4 1 7 -5 -8 -1 -5 5 -7 -1 3 -3 9 9 1 -8 -9 -5 0 -1 0 -5 -8 8 6 1 -1 -10 8 9 -10 -5 8 6 2 -8 -5 1 4 9 -6 -6 -5 0 -9 -9 -5 -5 -5 8 2 0 0 0 -2 -5 10 -1 -10 -7 -10 2 -1 -6 -1 -5 7 9
7 0 -1 -10 -8 4 10 -2 7 8 8 5 8 -3 -2 1 2 -9 -5 -9 -8 -9 0 -10 1 -1 0 -8 -1 1 -5 6 -4 9 10 -1 7 7 -6 -2 -2 5 -8 2 -7 -3 8 -6 -7 4 9 5 -4 -10 4 -7 3 -9 -8 10 6 10 5 -5 -3 0 -4 8 -10 10 5 6 0 10 4 -1 4 4 -7 4 -6 -7 -6 6 10 -3 7 -2 -3 3 -3 10 2 6 9 -1 8 2 -5 -7 -8 1 8 3 8 7 -3 7 9 -8 1 -7 -7 -5 3 10 -4 -5 -7 7 -9 -2 -6 2 10 -10 -8 10 5 -6 3 -3 -8 -3 4 2 -3 10 -5 -2 2 9 -9 9 -2 9 8 -9 -1 -8 8 -5 -3 0 -10 -9 -9 -9 -4 5 -10
-10 -10 7 -2 -9 -1 3 5 -7 -8 6 -2 7 -6 4 -7 -6 -6 8 6 -8 -7 -6 -8 -2 8 -5 -7 7 1 10 -10 2 -4 -2 10 -2 9 -1 -7 3 0 -3 6 -7 3 8 -6 -2 -7 7 -6 -2 -4 -7 -1 5 -3 -5 -10 -9 1 -4 1 -7 -2 7 -4 0 0 6 1 4 -5 5 3 10 -3 2 -6 8 2 -4 6 7 -7 1 -2 -7 -9 3 -8 8 5 8 -7 9 4 10 -9 -2 9 5 -1 3 -4 8 -1 4 4 4 2 9 8 5 -7 -1 -10 -9 -6 0 -1 6 -6 4 -7 9 -2 -2 7 -4 8 -7 4 0 6 0 -5 -4 -5 -2 -10 -6 -10 -8 -1 7 -3 4 -9 -4 5 -1 0 -4 8 6 4 -3 5
-1 10 4 3 -1 -6 0 3 2 -10 7 10 9 4 -8 4 1 1 -5 6 -10 9 9 7 -6 0 1 9 -3 0 -3 -9 8 -5 -6 4 -8 5 -6 -6 6 -3 7 -3 -7 2 -7 10 3 -10 2 2 -2 8 1 -9 -2 5 1 -9 -9 2 -2 10 6 10 -10 -5 2 6 7 6 1 -10 0 -1 -10 -1 -10 9 3 -8 3 -9 10 -10 10 2 -7 -7 -7 -9 -8 -5 -3 -5 -6 -10 -10 6 -7 0 9 7 10 4 -8 -7 -9 5 -9 9 -4 8 -7 -9 -2 7 6 8 4 10 0 3 2 3 -5 -3 -8 4 7 -2 -6 9 1 7 -6 -2 -2 2 5 -3 -6 9 6 6 2 -8 -8 4 -8 -1 -4 6 0 -6 2 -5 -1
9 -7 8 0 -1 -10 8 10 -3 -8 1 8 5 5 8 -8 10 -2 -9 -7 9 -8 -4 9 0 3 6 -7 -10 8 10 5 1 -5 9 -6 -10 -8 -9 1 -9 -5 -6 -6 9 -4 -10 -8 1 -7 3 8 -9 -3 9 7 10 -10 5 -3 3 1 1 -10 3 6 2 -5 -6 8 -5 -10 -9 3 -10 -5 -8 -6 -3 2 -10 2 -9 -1 -4 -10 -9 10 -5 1 -5 -9 8 1 9 -8 1 -1 4 -2 1 2 -1 3 3 -9 0 9 -5 -1 -9 2 -5 6 -10 -7 -6 -1 -9 -6 8 -8 2 -5 -3 -8 8 10 -5 6 -8 -8 8 -5 4 3 5 -9 5 -10 -10 -7 3 4 -8 -6 -5 0 3 10 10 1 -8 -10 -5 8 -1 -3
0 -1 9 -9 -7 -9 -4 10 -3 -7 -3 -6 0 -9 -7 -1 -3 4 -3 -7 5 -4 -4 -4 -9 -3 -3 5 -9 10 -9 -4 -8 -7 -5 -5 -5 7 1 -3 9 1 0 -3 -7 -4 -9 -6 2 6 10 5 -2 2 -3 -10 -5 1 8 -1 -9 1 -6 0 2 -2 0 -7 -9 7 -9 10 -8 -2 -4 4 -10 -5 -10 -9 -2 1 2 0 10 4 -1 -8 -6 -10 -1 -9 8 6 6 -10 -1 2 -10 7 7 -5 -7 -1 10 2 5 4 1 5 5 0 -5 -5 -1 -1 1 2 5 -5 -9 -8 10 -8 -4 3 -8 4 -7 5 8 -5 -1 7 10 -6 8 2 10 -10 -7 -7 -7 -5 0 1 -6 6 -1 -8 -3 -4 3 -1 1 -4 0
-5 3 7 -3 4 4 -4 4 -1 -3 4 -2 3 0 -2 -3 9 -7 -7 -2 -4 2 -3 1 -2 6 -9 7 5 -1 8 -2 -4 -8 -9 3 0 -9 -9 -4 2 -3 -2 10 -5 -7 4 5 -3 3 -10 6 -8 -2 8 3 10 5 0 -8 -6 10 -3 2 -4 -2 2 6 -3 0 -6 -1 -9 10 5 -6 2 -9 -1 10 6 10 -2 -6 -3 -10 1 8 -7 9 1 7 6 1 -8 -1 4 4 -3 -5 5 0 -2 9 8 3 1 -2 -4 4 -1 0 5 10 0 6 -10 3 -2 -3 -10 -3 -9 -10 -9 -4 4 -5 -6 -2 2 -2 -3 5 6 -2 10 4 1 7 -9 6 1 -8 -10 9 -2 -2 10 -3 4 2 -7 6 1 -10
-6 -7 -7 -9 7 -3 0 -9 -2 1 -7 -3 5 -1 5 10 6 0 -4 9 -1 6 -6 2 4 8 10 3 8 5 -7 4 10 -6 6 7 3 10 -10 -10 8 -4 -10 5 4 6 -9 -8 -5 -10 -10 7 5 9 -4 -7 -2 9 -4 -1 -6 -5 -6 1 5 -4 -7 -2 10 -1 1 -6 -5 -7 9 2 -6 -3 4 6 -10 10 4 7 2 3 8 -7 -9 -2 -8 -1 -2 -3 -10 6 -1 0 -5 6 -2 9 3 -3 1 -8 -3 10 -6 2 -8 10 7 10 -5 5 -8 -8 4 6 7 9 3 4 -10 4 10 -7 8 4 -7 -8 7 9 10 8 -5 0 5 -3 -2 -2 -6 -1 -2 5 0 -5 -6 5 1 7 8 -2 -10
-8 8 -9 -6 2 7 -6 -3 9 8 -7 0 -6 -4 -6 -8 7 -3 -2 -10 -6 -9 9 -3 -3 1 -5 7 -1 -10 -6 -8 -6 8 10 0 -6 4 3 8 3 -8 5 -1 -5 10 -3 -5 7 7 7 -8 -1 4 6 -2 0 -2 -4 2 -10 -6 -1 -3 6 -2 0 5 2 6 10 10 3 -6 -7 0 3 -3 -4 8 0 1 4 -9 -4 3 -9 -6 -3 -4 3 4 -6 5 -2 -8 -6 6 7 3 3 6 7 1 -8 2 10 -6 0 -10 10 -1 -2 2 -7 -1 5 -1 -9 8 5 -8 -9 -2 4 -1 -7 2 -5 10 -8 7 9 -10 6 -3 -8 -1 10 7 -1 5 -9 -1 1 5 -4 -5 8 -8 1 -7 -7 -5
6 5 -5 5 -2 4 -9 -5 6 -6 -5 10 -1 -7 -1 7 -9 9 -3 -8 -7 -1 1 -10 5 2 5 1 -3 10 2 -5 -4 -7 0 3 1 5 2 0 0 -6 5 -4 10 5 -10 -6 -2 -6 -4 -4 9 8 4 10 -10 1 -9 2 4 -9 8 7 5 9 1 10 5 -3 8 3 -2 -1 -2 2 -3 -1 -10 -3 -10 4 -5 10 -1 4 7 1 3 8 -7 0 3 -5 -1 10 4 9 0 7 10 1 10 6 2 3 -9 4 6 -8 0 -5 5 6 5 9 -5 -9 10 9 1 -10 -9 -6 -2 -4 2 8 7 1 9 9 -9 -10 9 -5 5 -7 1 -1 -3 -6 -9 10 -4 10 0 8 -7 7 -5 5 -6
-4 4 8 5 -8 3 -3 -6 -6 -5 1 9 4 4 7 6 2 9 4 -9 6 6 7 7 -9 -8 6 2 -9 8 5 -7 -7 -3 3 -1 7 -10 -3 10 7 2 6 4 9 -6 -5 -10 -5 -6 -8 -3 9 2 1 -6 6 5 -3 -4 5 8 -1 1 2 3 -4 10 8 -7 9 -7 3 2 4 -7 4 7 4 4 9 -2 -4 3 -5 -7 -3 -7 -9 -4 8 -2 -4 9 6 10 0 -8 -3 6 8 -2 -6 7 3 5 10 1 9 0 8 9 -2 3 -4 8 2 1 -3 3 -4 2 -6 -1 6 -10 -2 4 -4 10 -6 -4 -9 -6 -5 -9 -4 10 8 8 8 -3 6 -5 -3 0 3 1 5 -6 7 6
6 -6 -9 1 1 -3 0 -3 3 -3 -9 5 10 -7 0 8 2 7 6 3 -2 8 -3 0 -1 9 -5 -6 -8 9 -5 -4 7 -10 2 -6 6 5 7 -2 -5 -5 -4 7 -7 -2 4 5 -6 9 3 -5 8 -9 -10 -1 -1 0 3 -10 1 9 8 -1 1 2 -1 -3 2 1 5 -7 -4 4 -6 -3 -4 7 0 -5 -10 -10 -10 0 -9 7 7 -6 -10 -8 5 -6 -4 4 -1 -9 6 -3 6 -9 7 2 -6 4 -4 3 -4 4 -6 -4 -7 2 2 9 -3 1 7 10 2 -3 4 2 5 -10 9 -3 2 6 -10 4 5 1 -5 -3 9 -4 -1 0 7 2 10 -3 -1 -4 -8 6 6 -9 -9 2 1
-10 2 -5 7 1 -7 10 -6 -8 -1 8 -4 3 2 0 -7 -8 -1 9 4 3 -7 6 -1 -8 10 -6 -10 3 3 1 0 4 -3 3 -8 -9 6 -4 4 -8 3 -6 10 -4 -10 -1 1 4 8 -7 -10 -4 2 1 2 -1 -1 5 10 -8 -5 -3 -10 -8 8 8 -2 -8 2 -10 3 -6 5 7 -5 -9 5 -4 -2 -2 9 6 -9 7 -8 8 -7 4 -7 1 -3 1 7 -10 1 -8 -1 7 10 0 4 10 0 -9 -6 -7 -1 6 4 6 -8 7 2 -9 -6 -2 9 0 0 2 6 -2 -9 1 -8 9 8 -3 1 -8 6 7 3 -1 9 3 6 3 9 -2 -2 6 0 9 -8 3 5 -5 1
2 -9 -4 -8 -8 0 0 3 0 -6 4 -8 -10 -1 -8 0 1 -6 -2 -2 1 2 -6 -1 -3 -6 6 5 -10 1 1 -4 5 -2 4 -4 2 8 -2 -10 -5 -3 1 5 -10 -3 6 -5 -7 3 -2 -3 -8 2 -1 7 2 -6 1 -9 6 2 0 -1 -3 8 -1 9 0 2 -9 9 -7 -9 -4 -8 9 -6 1 6 -5 4 -6 -1 9 3 -9 -3 -6 3 -5 2 2 -2 7 2 -6 -9 6 -4 3 -3 2 -8 -1 -9 4 -1 7 -2 -3 10 -8 -9 -4 9 -3 -3 0 0 1 5 -8 -3 5 0 -2 -7 -1 9 -7 -8 -8 9 -1 -4 7 -9 -10 5 2 3 0 -4 8 -1 8 10 4
3 3 3 -6 6 -7 -5 -4 -10 10 -7 -5 0 4 -3 -2 8 -7 5 7 -2 9 -6 4 4 8 -1 7 -9 6 -3 -6 3 9 0 -4 1 5 10 5 4 -8 -1 -3 1 -1 -7 6 3 -5 -5 -1 -4 8 10 -5 -2 8 -2 -7 -8 -6 1 -3 7 3 4 -3 -7 6 -6 0 -2 1 -8 2 8 -5 3 -5 -8 6 -9 -7 4 7 -3 -8 3 -10 -6 10 -6 10 -10 10 3 7 -10 5 9 -10 6 -3 8 -2 10 -2 -7 9 -5 7 5 -7 9 8 -4 6 7 -8 2 6 2 -9 -3 10 -10 3 -8 -10 3 8 -4 1 6 -1 -1 -3 -5 -2 2 1 -4 -7 5 -1 2 10
-3 5 -7 -3 -7 -3 -4 10 9 4 5 -8 6 -9 8 -10 3 -8 -7 -4 10 -5 -6 0 9 6 -3 4 1 9 -4 -6 9 10 5 6 -10 -7 -8 1 -6 6 3 -10 -3 9 -8 -7 -9 8 -8 -6 -2 -7 7 -4 6 -5 1 7 -3 8 -7 8 -8 -5 -2 -5 -5 -3 8 0 -2 9 8 1 -6 -2 8 2 9 -2 -5 -6 8 10 -3 -2 -3 -5 -9 -6 10 -7 10 -2 0 -4 8 -4 -10 9 -10 6 -6 8 -6 -8 1 -1 6 -6 5 -2 8 -10 0 -5 4 -7 -8 -6 -9 6 9 2 -2 9 -4 3 -7 -9 0 9 7 -6 -2 -3 -6 -1 -1 4 0 -3 -2 8 -5
4 -7 -6 10 -3 -5 -7 2 7 -4 -2 10 2 5 -1 -1 2 10 6 -2 2 10 -1 -7 -9 7 -6 4 -5 7 3 -1 -2 7 -2 -9 -5 7 5 -9 -8 3 0 9 6 -9 -5 2 6 -1 -4 6 4 0 7 -6 4 -8 -1 -7 -1 8 -7 0 10 10 -4 7 4 9 -6 -3 -10 6 9 5 1 4 -9 8 4 -6 8 -10 -5 -3 2 -5 8 2 0 5 -4 -2 0 0 -8 5 8 8 6 -9 -3 0 -2 10 -1 7 2 -3 -3 -1 8 2 5 0 2 8 -9 -8 -7 -6 -9 6 6 -10 9 8 9 7 10 -8 -10 2 2 -1 3 -7 -5 -6 1 2 0 7 8 5
-8 0 2 10 10 -4 -5 9 9 5 -1 -10 -5 -3 1 -1 -4 -5 -1 7 4 0 -4 2 9 -2 2 -5 -5 9 9 5 0 -9 9 9 -6 -7 10 -4 -3 8 -5 -4 -4 -2 10 -1 -4 9 5 2 -3 4 -3 -6 -6 -5 -9 -7 -7 1 7 3 7 -6 5 -2 -5 0 8 -3 -10 10 -6 5 9 3 3 9 6 8 9 8 9 10 -7 0 -10 6 4 1 -9 3 -5 1 -2 -9 5 8 -4 4 -7 7 -1 -1 1 -4 0 -8 -5 -9 -1 -8 1 -10 -6 1 3 7 -6 10 9 8 -1 -1 -7 -3 0 6 -2 -3 4 10 -6 5 -8 4 -3 -7 1 -7 -1 10 4
3 9 10 1 -2 -8 7 -2 2 -6 6 -8 8 9 0 0 -8 1 8 3 9 -2 4 -8 9 -2 0 3 2 -3 -2 0 -7 1 -4 -7 -7 9 3 -2 2 10 2 -6 -7 8 -8 -6 -1 5 10 8 0 -9 9 -9 -5 -6 -9 8 2 3 -10 5 -1 6 -2 2 -8 5 -5 -4 2 10 -9 6 -7 10 9 -4 1 -4 -8 -2 6 6 -6 -4 -1 1 3 -10 1 2 -5 -3 -10 0 4 1 -3 -1 -8 -4 -3 6 5 6 6 -4 10 3 0 -8 -9 10 10 -5 1 1 7 10 8 9 5 6 0 1 -3 10 4 -2 2 -5 1 -5 4 8 -9 5 8 -3 -5 -3
-6 -8 -5 0 -7 -4 -9 -1 6 3 -3 3 7 -9 9 10 -8 -9 7 10 -2 -8 3 4 -10 8 4 -7 2 1 -10 1 7 2 -10 0 2 -6 3 -2 4 10 -5 -3 -8 -1 -1 -9 3 2 2 -1 8 7 -8 5 -6 10 2 6 1 5 -10 -6 -7 8 9 -2 2 -4 1 10 4 -4 2 -1 2 8 8 -8 -7 7 -9 -9 9 -3 4 4 8 10 4 8 6 2 8 -2 -1 -2 0 -10 0 7 5 -9 -6 3 -1 -4 2 4 8 6 5 8 -8 2 3 -4 -10 -10 -10 7 4 2 0 0 -8 -9 -6 6 5 9 10 6 -2 -9 1 -5 5 10 -3 -6 2
8 8 -5 -7 8 0 -2 -8 -5 7 4 -6 9 -3 0 -5 10 6 4 -6 10 4 4 1 -7 -4 3 10 5 -3 1 7 -10 -10 -2 -1 -2 -4 7 -5 -7 -6 -5 -4 -9 4 3 -1 0 -1 4 10 -8 -4 5 9 1 -6 6 0 1 -2 4 -5 -6 1 3 9 9 1 10 -2 -2 8 3 10 -4 3 2 -5 -1 -8 -10 -5 5 3 -9 -2 -3 -8 3 -5 -5 10 9 -3 -2 9 -7 2 10 6 -2 -9 6 10 -2 -4 7 6 -6 -8 5 -2 -9 1 -2 10 9 4 9 10 -7 2 7 2 -3 -9 9 -5 -10 -5 3 2 8 -10 4 -5 -2 7 -2 -5
9 5 4 3 -3 -9 -7 -4 -3 0 -3 -5 -8 3 3 9 9 3 -8 0 -10 -4 -10 3 3 6 -6 6 -6 2 -3 -1 4 0 0 4 -8 7 7 -10 -1 8 5 8 -1 4 -9 -9 7 -9 -3 2 -9 -9 -10 -5 -7 1 10 7 7 2 8 1 6 2 -9 -2 -7 -6 -7 -4 -7 -8 -3 9 3 -3 10 -2 1 3 0 3 -4 8 4 -9 -3 8 10 -1 -4 4 3 -2 10 4 6 -4 -8 -3 0 -9 9 6 10 -8 0 7 1 7 -5 6 -7 -7 -8 -4 -5 7 -3 -10 -10 -9 -8 8 -10 -9 -8 -6 7 -3 3 1 -1 1 -10 6 8 -7 10
0 2 10 9 -6 7 -6 10 6 -8 -4 4 -7 -4 -3 0 -4 -10 7 -10 6 4 -1 -5 -9 10 1 9 -10 9 7 5 2 -3 7 9 5 -9 5 1 2 5 0 9 -6 0 -10 7 -8 10 -5 -1 -10 -1 3 2 -1 10 -1 5 -7 7 -5 5 -3 8 1 6 -2 -9 2 4 9 9 7 -5 -8 1 10 0 5 -2 7 10 -3 7 -7 7 10 4 9 9 8 0 9 0 2 -1 -4 9 -9 -8 -3 -1 2 2 -10 1 8 -3 10 -1 -6 10 -5 -9 10 -5 10 0 -5 -8 10 1 9 0 -6 -1 -1 -7 -7 -2 9 -1 6 1 1 -6 2 0
5 7 7 1 8 9 0 -4 -3 -4 0 -6 -5 10 -5 -7 -3 -4 7 9 5 0 7 0 7 9 -7 -7 -10 8 -3 4 -9 7 -10 4 -1 0 7 1 -6 -4 1 6 8 -9 -10 6 8 -9 6 -9 -8 9 1 -5 -2 -9 -5 3 -9 -1 7 -6 -4 -9 2 3 7 2 3 9 -9 -9 -3 -4 -10 0 -1 -8 1 10 -7 9 5 -7 -6 -3 -6 2 -10 -9 10 3 7 5 -7 1 -6 -8 5 -7 7 4 -1 1 -8 5 -7 -3 -8 -5 1 8 6 1 -7 1 -10 -1 4 -8 6 8 -8 -3 7 -1 -6 -9 8 7 -5 -1 -7 5 -6 9 -1
3 2 10 -3 1 -8 4 3 -3 2 1 -7 7 -9 -8 3 -7 9 -5 -6 7 -10 -1 5 -10 -8 -9 -1 0 1 1 1 5 -10 -4 -5 7 0 -9 -8 -4 -5 -1 -2 6 -4 10 3 3 3 8 7 6 -4 -6 -2 -9 8 -4 0 4 7 -6 -5 -6 -10 1 -9 7 -10 10 -5 1 -4 1 8 -7 6 8 -5 5 -1 -1 -6 -6 3 -10 -4 3 1 0 6 10 7 -9 -5 2 0 -6 1 -4 -9 0 0 8 -10 -6 4 2 1 -3 2 -9 -4 -2 5 9 -2 -6 -2 2 -6 -4 10 -8 -5 -3 -1 -2 10 -7 8 -9 4 -7 7 0 -4
1 10 -5 -3 -4 -3 -5 3 7 6 -9 -2 1 10 0 -4 0 9 0 -4 -5 6 -2 -4 8 10 3 4 1 4 -8 10 -4 9 -1 4 3 -8 10 10 -1 6 7 3 4 -2 1 8 0 8 -3 10 -2 10 4 3 5 10 1 2 0 9 8 2 -7 -6 2 -2 1 -3 -5 -3 -7 -5 5 -7 -2 4 -9 7 -9 5 1 7 7 8 1 -7 9 -6 6 9 3 4 10 -2 7 -1 -2 1 -3 8 7 8 4 6 7 0 8 -6 8 8 -10 -5 2 -3 1 -10 10 -5 -7 6 -9 0 2 -2 -10 0 0 -3 3 -5 1 7 9 -4 -9
7 4 2 -4 -1 3 -10 -6 7 6 -3 1 3 -10 6 5 -1 9 3 -6 7 9 7 -1 -4 8 8 -5 -2 1 -10 -1 2 9 1 -8 9 0 7 0 -3 2 9 -1 4 6 8 8 -3 8 -7 -5 -1 -5 -9 -3 -1 4 4 -3 5 -4 3 3 -7 8 1 8 4 2 -9 8 10 -1 -7 -3 -2 10 -10 -8 2 2 1 -8 9 -9 -6 -6 -4 0 -7 9 10 9 -2 -8 8 -10 7 1 -3 -7 -9 9 -8 -9 -1 0 0 -6 -4 -3 -4 5 -4 10 4 7 5 3 -2 -8 0 5 -10 8 -10 2 -10 8 -10 -3 -2 -8 -6 1
-3 4 -8 -9 1 6 -1 6 6 8 5 -8 1 -9 7 5 5 -7 -10 5 -8 -5 4 9 -4 3 0 -1 -2 -5 -10 -10 1 -7 1 -2 -5 -4 -9 1 -6 8 10 7 7 -6 9 10 -2 -10 -8 -2 -3 6 -8 -10 -3 -1 -3 0 4 -7 -3 2 -9 10 -3 9 7 5 3 10 7 -6 5 1 4 -9 -10 4 8 -5 3 -5 7 8 -3 0 6 4 9 9 -5 -10 1 5 -2 -6 1 6 -5 -1 9 -10 -4 -9 4 0 5 3 -6 -6 -6 -3 6 4 8 0 6 -7 5 1 5 -6 3 -3 -5 10 -6 -2 -6 5 -10 -7 -4
-9 4 -6 7 -10 7 -7 9 5 -1 -1 4 5 10 10 -10 3 -7 5 -10 6 -1 -4 7 3 -6 -8 -10 6 -5 10 5 -4 -10 -8 3 -7 -4 9 9 -9 2 7 -8 -1 -5 0 4 10 7 -4 0 7 -5 -3 0 2 5 -9 -4 5 10 4 -6 9 -2 -1 -9 -3 7 0 1 2 -7 -5 3 -5 5 10 4 -9 -1 -10 4 6 4 4 3 1 3 7 -9 7 -4 7 2 -9 6 8 -10 -7 1 3 -1 1 4 1 6 -7 7 -6 1 3 -5 6 -3 9 -7 8 -6 4 -2 1 -5 -1 -6 10 -1 1 3 7 -5 -7 -1
-1 -4 7 4 10 -3 4 6 8 -3 -2 -10 0 5 6 1 2 -2 10 7 -1 -9 -5 -7 -8 -2 -6 3 1 3 9 -3 8 -10 -9 6 -10 9 2 7 -2 6 -4 1 -2 5 0 -8 -4 0 0 10 4 -10 -5 3 4 -5 10 0 7 -3 -3 -7 4 1 5 1 -3 -10 -6 6 -2 7 5 -5 -5 -1 0 2 -5 3 3 7 7 7 -2 0 -7 7 8 -10 8 -10 5 2 1 4 -1 0 5 5 -8 10 -5 -8 7 -6 0 9 4 -5 -1 9 10 2 6 -6 -1 2 3 6 6 4 -6 8 -4 -4 -7 -4 1 9 -10
-7 -10 -2 1 3 -4 0 -3 2 -3 -6 -10 3 3 -3 -7 -9 4 -4 -10 3 -6 -10 -6 5 -1 7 -1 3 3 2 10 -10 -1 1 -10 5 10 8 -7 -2 5 -6 -9 -1 9 -6 -1 -6 0 -2 -4 5 7 -8 9 0 -1 10 3 5 -1 6 -2 -4 -9 7 7 -3 1 10 -8 5 5 5 -4 -8 10 4 6 -1 8 -6 -3 9 -8 0 5 -3 1 -1 7 -7 3 2 -8 -10 -9 -6 4 -8 10 -5 -10 -4 -4 -2 9 -2 -2 10 3 1 9 -5 -10 1 -9 5 3 -2 2 -8 1 -2 -4 -3 6 -6 6 -6 5
-3 -1 1 0 -1 9 7 -3 -2 -1 -9 0 0 -8 -4 5 0 -6 9 5 -7 0 -2 3 7 7 -9 4 -7 6 -10 10 1 -9 -10 -9 -3 -1 -8 5 -9 0 2 0 2 -10 -10 10 5 -1 6 -8 -8 -2 -2 -1 6 9 -2 -6 7 -10 -8 -1 7 7 -8 3 3 -8 -3 -3 -3 -7 4 -2 5 -10 -2 -10 5 0 7 6 4 9 5 -8 -10 -1 -9 1 -10 2 -1 -6 2 -2 -3 -6 -8 -5 -7 -7 5 -2 9 -1 -3 5 4 4 6 1 0 3 3 -5 9 -6 -5 7 -5 1 2 8 -1 -5 9 6 -6
8 0 -8 8 1 -8 -7 3 7 2 8 1 -4 3 9 5 8 2 -9 -9 8 10 5 -10 5 -5 -7 -6 -4 3 2 6 -7 1 3 0 -3 4 -8 -6 4 2 -1 10 5 -7 -2 0 -4 0 8 -7 6 7 -6 -9 3 -9 1 8 -10 10 5 -6 -9 -8 -5 -7 -3 -2 -9 -10 4 7 10 -9 5 -9 2 -3 3 7 -10 10 -4 6 -6 -9 -8 3 10 9 10 10 -3 -10 -4 0 -5 6 -10 -6 9 -9 2 6 -2 -7 5 1 -1 -3 6 6 5 7 6 3 -3 -7 0 -1 8 6 2 -9 9 -7 3 0
2 3 -9 -5 4 10 4 -9 -6 -5 6 6 -3 -3 0 7 -6 -7 8 9 -6 -7 4 -10 -4 8 -3 -5 8 -8 9 9 -3 -5 5 4 -2 4 -8 3 7 -6 -10 2 6 -3 3 7 -9 2 -8 2 -1 5 -4 4 2 -2 -5 0 4 9 5 -8 2 7 -1 -9 -2 2 -8 2 1 -7 -5 -7 4 9 8 -2 0 0 1 1 -5 4 8 -2 -9 -3 5 4 -7 -6 -2 -7 8 7 -7 -8 10 -5 3 10 -4 1 9 8 3 -9 5 10 -3 -4 6 1 -9 0 -8 4 6 5 -9 -1 -6 -7 5 8 9
3 -5 -10 8 9 3 1 2 2 -10 -4 -1 10 8 6 7 -4 -2 3 -2 -8 -10 8 2 7 -10 9 0 -2 5 -1 1 -6 9 -8 10 10 0 4 -1 -3 1 3 -10 -7 -6 3 0 -9 -2 8 -9 2 7 -1 6 -3 7 -2 -7 -3 4 7 -4 -2 3 -6 2 -2 2 2 1 -3 -9 4 0 7 -3 -3 6 -10 10 -6 10 -1 9 0 1 2 4 -3 7 4 -1 -5 -6 2 -7 1 5 -2 -3 -2 -9 2 5 -1 8 1 6 -5 -2 -9 3 -6 7 1 -5 -4 -6 -8 2 -2 -10 -10 -8 8 -4
7 8 -6 -3 -1 1 -4 -10 1 1 -6 -8 8 -3 -5 9 -5 5 -6 -2 -6 9 3 -9 5 5 6 -8 -5 -8 -9 -2 3 9 9 5 7 1 6 0 -5 0 7 -7 2 -6 6 -8 5 -6 6 5 0 8 7 -2 -7 8 8 6 -3 -5 -10 5 -3 -2 2 -9 -1 -4 -2 6 -2 4 -1 -9 5 -9 4 2 -6 10 -10 4 -7 0 5 1 -4 -2 10 6 -9 8 2 3 -10 6 -4 -9 7 -6 -1 7 2 -5 -6 0 6 7 5 10 -6 5 2 5 10 -6 10 9 -5 6 10 10 -8 5 8
9 -2 3 -2 6 4 -10 9 -2 -3 6 -7 -6 -8 10 8 -8 -5 10 -1 -4 1 5 -2 10 6 -4 -7 -10 -5 -8 -9 0 -4 -7 2 3 6 7 9 -5 10 -7 10 1 -2 -4 -10 9 0 8 -2 4 8 9 6 -9 -2 -2 2 6 -2 -4 -2 2 -2 -10 -7 -7 3 10 5 -8 -2 -2 -9 -7 6 8 0 9 5 -10 -9 8 10 5 1 9 -5 5 -8 6 -1 -7 -9 -2 2 1 0 -1 -4 2 7 1 -5 -6 0 6 -1 -4 -1 -9 4 -9 2 -5 5 -1 -1 3 7 -8 -8 5 7
6 1 9 -9 -2 0 -2 -4 -5 1 -7 10 -3 -4 -6 6 -8 -10 10 -6 1 -6 -5 -9 10 2 9 7 -6 0 -3 -1 1 -5 9 5 3 9 -7 -2 -4 10 -1 9 6 10 -3 -7 -8 9 9 10 3 -10 0 2 9 -10 -7 -10 9 -8 -3 4 -1 4 1 -2 9 -9 10 2 9 10 -10 2 9 -3 2 6 8 3 6 -8 0 5 -8 4 -2 -1 -2 -7 4 5 -3 9 -6 -9 1 -4 -2 -4 6 7 -7 -8 8 0 4 -4 -8 -2 -5 5 1 1 -3 -6 6 -5 -10 -5 1 6 -6
0 8 -10 -2 4 1 0 -9 0 10 -4 -2 -3 -5 1 10 -1 -6 -8 -5 -5 4 3 -4 -10 7 7 0 4 -2 -2 8 6 -1 2 -4 -9 2 -10 -4 3 -9 1 -9 0 -4 -5 -10 8 9 3 8 -8 -8 -6 10 -2 3 -2 -7 9 1 8 -4 1 0 9 -5 -9 8 9 -3 -7 6 -5 -10 -3 -5 10 -5 7 -6 4 -3 -2 8 7 -6 -7 -8 3 6 -1 -8 9 8 8 0 -7 -1 -5 2 0 -5 -1 -10 -2 5 6 0 8 1 2 6 3 -9 10 2 4 3 2 3 -10 6
-5 -1 -6 0 8 10 0 -2 7 6 3 -9 9 1 9 0 -9 -4 6 1 -8 -8 4 9 -3 4 7 2 -10 -2 2 -5 -1 0 -5 -3 8 4 -2 -7 -5 8 8 -7 -8 7 0 10 10 0 -10 -10 6 -1 8 -10 -5 -6 10 -6 -10 8 10 -8 3 -5 -2 -2 4 -7 0 -8 10 6 -5 5 -4 10 -9 -5 -8 -4 -3 -9 -3 -1 -2 5 6 1 -3 8 4 -5 2 3 4 -4 -5 10 0 -8 4 -5 -10 8 9 -8 6 4 -7 9 -5 5 5 4 7 4 0 -6 -2 0 1
-7 -7 -3 1 5 -6 6 -2 5 -10 -1 -3 1 6 -4 8 9 4 4 -8 -6 -10 -6 3 -5 3 6 -6 0 -3 -3 -3 -10 8 0 -5 -3 -9 2 8 -9 10 1 -2 1 0 -7 -3 5 -10 0 -6 -8 -6 -10 -8 -8 -1 -7 -6 -9 -1 -7 -10 -6 -10 -4 9 -9 -10 -4 -2 1 5 -3 -4 -6 -8 6 -1 3 -9 -6 5 7 -1 9 -8 -7 -3 -6 2 -1 -2 10 -5 -9 -3 -1 7 -3 3 4 -9 3 6 -6 10 10 -3 8 2 4 -2 5 7 -1 9 -5 1 -1 7
3 5 8 2 10 8 -10 1 9 2 7 -1 4 0 5 4 1 9 8 -4 -4 1 -7 -6 -1 -9 -2 -4 8 5 1 3 5 -9 -7 -7 -9 -4 -1 8 -7 3 -7 5 -6 2 7 -9 8 10 8 4 -7 6 -8 4 -10 9 1 6 -5 2 -5 -1 -4 -6 -6 10 -7 4 7 -2 0 4 6 -6 2 -1 9 9 6 -6 0 -2 1 -8 -6 0 7 -10 -8 10 -1 10 -4 0 5 -10 -2 5 -10 -1 -7 10 -2 -6 1 -2 2 -6 0 -9 7 9 0 0 10 -10 3 5 -7
-10 7 -4 -2 -7 -9 -7 6 -5 -7 -6 1 4 -6 -2 -8 1 -4 -9 -9 9 10 -4 -6 6 10 -8 2 6 -6 8 8 9 1 -7 9 -10 -10 9 -7 -10 -2 3 6 2 -2 -2 -2 -1 -8 -5 -2 6 -3 4 6 -6 -8 -3 -4 -3 -2 9 3 -9 9 8 8 3 -1 -2 8 1 -8 -1 9 6 -3 8 6 5 9 1 10 8 -9 5 6 -9 -4 8 5 -4 -6 -3 -5 2 7 -2 1 4 7 -9 9 8 -2 1 -9 -1 -10 -4 2 1 7 7 5 -2 -1 -10 -8
7 -7 2 7 6 -2 7 -2 1 3 -9 2 4 10 -4 -7 6 8 -6 3 -5 -8 -8 -10 -8 0 -7 9 -7 -4 -3 8 6 10 -9 -6 4 6 -2 -1 0 10 -3 -7 -7 10 -1 -7 -9 -7 -2 -1 7 7 10 -9 -2 -8 7 9 1 6 -5 -1 6 3 -4 7 -5 -5 -2 -9 -5 -10 -10 -9 9 -1 -1 6 5 -7 3 -10 6 -5 5 1 -1 9 3 -10 9 1 2 -3 0 3 -1 0 -4 -8 3 8 1 -1 -7 0 -8 1 -9 9 4 -1 6 -4 10 9 -5
-1 -7 -2 -2 1 8 4 4 3 -9 -7 -1 -5 1 0 -7 8 0 -10 10 7 3 8 5 10 2 -10 -6 6 -3 -7 5 -3 -5 0 0 0 -6 -1 -8 2 -1 -8 -2 5 -3 3 8 -3 -8 -9 -4 -10 5 -2 -2 3 8 6 4 7 7 1 5 10 1 -6 1 -3 -8 -10 -5 4 7 -3 8 8 -10 4 -6 -8 -4 -9 7 2 3 -1 -9 1 -9 4 8 10 -2 5 -2 -8 5 -10 1 10 -5 -5 7 -9 -10 6 -5 -3 0 8 -2 -5 6 -9 1 -4 -2
1 7 -1 -9 -4 -2 -1 -6 -7 -5 0 -2 -2 3 9 4 -7 -3 0 -5 -10 -6 -8 0 10 -8 9 -1 0 2 5 -2 8 -7 -9 -9 3 10 4 0 1 6 -4 -10 7 7 -5 -2 9 0 -4 8 1 4 -8 1 -6 6 3 -7 -5 5 -3 7 -4 -5 5 -1 8 -4 -1 6 3 -9 -5 -2 6 3 8 9 10 -1 -2 4 -4 2 -7 2 -4 4 0 5 9 -8 -1 -2 6 -9 4 -9 2 10 5 -8 0 -4 -10 3 -10 10 9 7 6 -10 7 0 -1
-8 -10 -7 -7 5 -4 -5 0 8 3 -8 7 -3 4 8 -2 -7 10 -9 1 -5 -10 2 10 -9 -1 -10 -7 -3 -10 -9 -5 4 -4 8 -5 7 -6 -1 4 6 6 -2 8 -10 -5 3 8 -9 3 8 3 3 3 -9 -4 0 -8 1 -9 4 -2 10 -4 -9 5 2 3 8 5 -10 10 -1 -9 2 -5 -2 -6 -1 -2 -10 5 4 5 4 5 -5 9 8 -1 4 -6 1 -10 5 9 9 -2 10 6 4 -8 -10 6 -8 0 10 -3 -3 -10 -9 3 1 -9 1 6
7 1 10 -8 10 -3 -10 3 10 -5 7 -2 2 8 10 -7 4 1 1 -7 -10 7 1 -2 1 -1 -1 1 8 0 2 7 1 -8 -1 -6 3 7 -4 3 1 5 -10 4 2 -5 9 6 -2 0 10 -4 -4 10 5 -10 -1 -3 -4 -1 0 -3 4 -5 -2 4 -4 -5 6 9 3 4 -1 -7 10 5 7 7 3 -10 -9 -8 6 -8 3 -8 1 3 1 4 -2 -2 -7 7 9 6 2 10 -2 4 -5 -6 -4 9 -3 -3 -2 -3 8 2 7 4 6 -6 10
4 4 -8 6 -1 4 7 7 3 -5 4 -3 -3 8 -4 -7 3 -8 5 4 6 -8 -6 -3 -10 10 1 3 -4 -1 10 -8 -8 -4 4 -4 7 5 -7 -2 2 -1 -4 3 -9 -9 3 0 5 7 -1 -9 -10 -3 -1 -6 5 4 -8 -7 -6 -6 -1 6 -3 -7 -4 5 5 2 4 7 10 6 1 9 3 2 -6 0 9 -1 6 2 4 -7 0 -8 5 8 6 2 3 -2 5 -9 6 -9 10 10 10 -10 -1 7 -8 7 5 -4 -5 9 -10 9 -8 0
-8 -9 0 1 1 -2 10 10 2 -1 8 8 -8 5 -8 9 4 8 -5 6 -2 8 4 -8 6 2 10 3 -3 4 -9 8 2 -4 -8 3 0 -10 -2 -10 -9 -3 -7 6 4 -2 -5 -5 9 7 2 -9 -7 -4 5 4 10 3 -6 -8 -8 3 6 -1 -6 -1 9 4 -7 4 -6 -2 5 3 8 3 7 -2 4 -4 -10 -4 9 0 -2 -4 -2 -1 6 8 0 0 -5 -3 1 10 2 -5 9 4 5 7 9 5 2 -2 -3 9 2 -1 -1 -4 -9
-6 -3 -6 6 9 10 -1 -4 1 10 -5 6 -3 -1 -1 -9 10 1 8 10 4 -3 -5 0 -2 4 -3 -1 -4 9 -4 4 -5 8 9 3 -4 8 -4 9 -5 7 -10 -4 -2 -2 -10 0 1 10 -6 6 -3 -4 5 8 4 -6 4 5 -7 5 9 3 -10 3 9 5 -5 2 7 4 -6 2 4 2 10 3 3 -10 3 -4 -8 7 -3 -5 -8 -8 -6 9 -7 -5 9 -6 7 -1 0 -9 -6 7 -4 7 8 9 6 6 -8 7 -1 -2 -2 7
-3 9 9 -9 -7 2 -6 -9 -4 -9 6 10 -3 -3 -7 1 5 -6 -1 7 6 -4 -1 -8 -10 1 10 -1 5 5 2 9 8 10 -3 5 2 9 6 7 -2 -8 -9 -6 8 3 -10 -5 9 0 -5 6 5 5 4 -3 -9 -7 -9 10 -5 -8 -10 4 1 -6 8 7 -8 -7 -2 0 10 -5 -2 -9 -8 -1 -2 -9 -10 0 8 3 -7 8 7 -7 9 -2 0 -10 7 4 -6 -6 5 3 -8 -4 2 -10 7 1 -9 6 0 -8 -8 -8 -2
8 -4 3 7 -7 -3 3 6 9 5 4 0 -8 -8 -2 0 -4 -9 4 1 0 -8 -4 9 -9 -5 8 1 0 -9 -9 -5 -9 -5 -9 9 -3 9 -8 -4 -8 1 -8 5 -1 3 6 3 -4 5 -10 -2 -8 -4 -3 8 -9 10 -4 0 4 -4 0 2 -10 0 2 5 0 -1 -4 -5 6 6 -2 10 -8 -1 -2 -2 -2 9 4 -3 -7 -6 10 -5 7 0 4 -4 10 -8 -8 -9 7 3 7 9 7 -3 8 -4 9 5 3 -8 -10 -5
4 10 -6 1 -2 -8 -2 9 5 0 5 1 0 10 -1 -8 -8 -4 1 -9 9 -4 -9 3 -10 9 5 -3 0 -10 -3 10 8 2 -4 7 7 -4 -8 -1 1 -2 9 -2 6 -9 -7 7 -4 10 -1 -7 -1 8 5 0 -2 4 6 6 7 3 -1 -9 -10 -2 10 3 7 -6 -7 -5 4 0 3 1 -1 -2 8 1 1 -3 -5 6 3 -4 9 10 9 -6 -6 1 7 -9 -3 9 -1 -8 10 -6 -1 2 7 -6 4 9 -5 8 7
9 7 -9 0 5 -7 0 8 0 -10 6 1 10 -4 1 -8 -10 10 -2 4 -4 -4 -1 -10 9 10 8 -5 4 -10 -10 10 8 -1 -3 -1 9 10 9 -4 10 8 -2 5 3 8 4 2 9 -3 10 -3 9 -10 9 10 -5 9 3 -8 9 10 8 9 5 -5 -3 -2 2 9 3 1 6 -7 3 9 0 4 4 5 -1 -3 -1 9 9 0 7 -5 -3 3 -10 -9 -9 -7 2 0 -8 -7 1 1 -1 -1 -10 -9 1 -9 -4 -7
-1 -5 -7 -2 10 -9 6 -7 3 3 7 7 1 4 -1 -1 5 -8 8 8 -7 10 -8 -6 -3 0 8 -1 -3 0 -9 0 2 -1 -3 4 6 -7 -6 -2 -10 7 -1 -4 -4 3 -3 1 4 -9 -4 -10 7 -5 -1 -10 -9 -8 -4 -3 3 7 -3 -1 8 7 -4 2 8 -5 -4 6 7 -1 6 3 1 5 -9 7 -3 1 4 1 -1 5 -7 3 0 8 2 6 -4 4 5 8 6 -1 3 -8 -1 0 4 0 8 10 9
5 -2 3 8 9 -10 8 1 -10 2 -3 9 -10 7 3 6 -7 3 -2 2 -1 -4 6 -4 9 3 -2 -4 -6 8 9 9 -1 2 -8 2 10 -5 5 2 1 5 6 -5 -2 -7 1 -8 -9 -7 10 -1 2 8 -8 -6 5 7 0 -1 10 -1 10 5 -9 5 3 -2 6 9 2 0 7 -6 -8 -5 10 -7 5 -6 3 3 -2 -2 -2 3 5 5 0 -7 -6 -10 -3 -7 -6 8 9 -3 -5 -9 8 1 -5 0 -9 -10
-5 -8 -10 -7 1 6 -9 -7 7 -4 6 -9 -5 -10 2 3 10 3 -1 -3 -6 -6 -9 4 5 2 2 -8 -1 5 8 7 -5 -1 -2 4 10 4 10 -4 10 5 -3 7 3 5 6 9 10 -4 -1 -6 -9 6 6 9 10 8 9 -7 8 9 -8 7 7 -7 0 1 9 -1 0 2 -1 4 3 -9 -10 2 10 -7 -9 -9 -2 8 2 5 5 -2 -5 6 5 -2 1 6 -5 8 3 -2 5 3 -4 -1 0 2 -3
-9 -3 9 2 6 -5 -9 -7 -5 9 -3 6 -9 4 -4 -5 -8 -7 5 1 -2 7 6 4 6 1 5 10 3 -9 10 3 -8 1 -6 6 5 -4 -6 -9 8 -10 -2 -6 -4 -10 -9 9 0 -8 4 -5 2 7 -8 7 -9 -6 -1 0 10 -5 -10 -10 -7 10 6 2 9 -5 -3 0 0 2 -10 -6 8 4 2 7 -4 0 -4 -10 7 -8 3 -8 9 -2 2 -10 -8 -4 9 9 9 5 -1 -5 4 9 3 8
-4 8 10 -4 -1 2 -4 -7 1 -10 4 3 9 -1 -10 7 -8 4 0 -2 8 3 -8 -8 8 -2 7 3 -9 1 -3 -3 8 8 9 -5 4 -8 4 4 -6 0 9 0 4 6 0 -4 -7 1 -8 -7 5 7 -4 1 0 8 -4 -6 -6 -9 7 2 6 -7 -6 10 -7 -6 9 9 -10 10 4 -10 10 2 -6 -3 7 2 10 8 -3 9 8 7 -3 4 6 -1 7 -9 -9 4 10 -9 -6 7 -8 -9 2
3 -10 -7 3 -3 -1 4 10 3 9 6 -10 10 9 2 0 5 -4 -10 6 8 4 3 4 5 -10 -10 -2 4 -7 -6 10 -1 9 -9 -7 -1 -10 -8 3 8 9 3 9 -8 6 -3 -9 -6 9 4 6 -5 -6 8 -6 -7 1 3 4 -6 3 -2 -6 7 4 -4 1 8 -5 -8 3 -6 4 -6 -10 -4 1 -5 -9 10 6 -5 1 -9 6 -7 -1 -5 7 8 -2 -4 1 2 -1 3 -7 -3 1 8 6
7 0 -2 -10 -10 6 8 -10 9 -5 5 7 -3 -5 -3 -8 2 3 9 -6 8 7 3 -2 8 4 5 5 -1 -7 5 0 -5 8 -2 6 1 9 2 2 6 9 10 8 6 -6 -7 8 -10 10 -5 -1 4 -5 4 7 5 -9 1 -5 1 0 -4 -5 -5 9 -5 2 -2 -6 -9 -4 1 -6 6 -10 -2 9 7 -1 4 -5 10 4 1 -3 -8 5 -10 0 -9 1 8 2 5 0 -8 3 9 4 -5
3 -1 -6 0 -1 10 8 -6 6 2 -2 2 7 1 -10 -2 -3 10 8 -4 7 3 -8 -6 9 1 -9 6 2 10 -2 -9 10 3 -8 3 -9 10 4 -8 -8 8 4 6 8 5 8 2 9 -8 10 9 -7 9 8 2 -1 -2 -4 -3 -1 -4 3 1 7 -3 -1 -7 6 2 10 -1 6 7 4 1 -10 3 0 -9 8 9 -10 3 3 -9 2 2 8 -2 3 4 7 -1 3 8 -4 -6 -9 -6
1 6 -6 9 10 -7 7 8 -6 9 -3 -4 0 6 -1 6 1 4 -2 -4 6 7 -5 10 6 1 0 5 -5 -1 7 8 -10 9 -4 4 1 -3 10 -8 -10 1 -3 -4 -10 -8 5 2 3 8 -8 10 4 10 9 -10 -5 7 3 4 -8 -9 -4 2 -6 -8 0 4 -9 -9 -6 1 -8 -5 -4 -7 -3 -9 -5 10 -5 -6 -8 -1 -7 -3 -3 -5 7 -2 -9 -8 -4 -3 9 -6 1 -2 0
-9 -8 -2 -5 2 10 7 7 -3 2 -4 -10 9 1 10 -10 7 -8 9 4 10 6 9 2 -1 5 1 4 7 -2 4 -3 -3 9 6 4 4 -9 -9 6 1 -8 -3 -9 -3 -9 7 7 -6 5 10 1 -10 10 -3 -7 0 -6 -3 -2 -10 -8 7 -1 -6 5 8 -4 10 -2 -5 -2 8 -2 -7 -4 0 -1 8 -2 9 10 9 -1 1 0 1 -2 4 6 -10 8 7 -7 -3 8 6 1
-8 2 -1 -8 -9 1 -8 -1 -6 -3 -5 6 -5 5 5 -4 -4 5 -3 5 -7 -2 10 -5 6 2 7 0 5 5 3 -8 -3 -9 5 3 8 5 -5 -4 -6 -6 -4 2 -4 9 1 10 -10 9 9 -9 -4 -2 -4 -6 -2 -5 6 -10 -8 -3 -5 -2 3 9 5 3 9 -9 -10 4 -6 -4 6 -10 10 -3 1 -7 -6 -6 -4 -9 3 -3 -2 -4 7 7 -7 -1 5 -8 6 -7 3
0 8 9 -1 -7 -6 -5 -3 -8 -1 -6 -2 -3 -8 6 -10 -4 -7 4 7 8 7 0 10 -4 4 -3 5 -5 4 -7 9 -4 9 3 5 10 9 0 -4 4 8 -7 -6 2 4 -2 9 -2 7 7 3 -1 -1 -10 10 -2 10 -1 0 -2 -3 5 5 3 3 -7 3 -7 7 -7 7 -9 2 -8 -10 4 5 -2 -3 10 9 -4 3 -6 -1 10 1 10 2 7 0 8 -2 10 -2
10 0 -4 -9 -8 10 4 5 0 2 -7 -4 -10 -5 0 -5 3 -7 6 -7 -3 -4 5 10 -5 1 7 0 -9 -10 -3 -3 -10 -3 -2 -5 8 4 -2 -9 -1 -8 5 -5 9 6 5 7 -1 0 1 1 4 -5 7 1 4 -10 1 -3 -3 5 -3 -5 3 -2 -1 -9 -4 10 -8 0 0 -7 -2 8 -3 -10 -1 8 -8 -9 1 -4 3 4 -5 -3 4 4 2 -5 0 7 10
-10 -1 10 -8 7 -1 -5 -10 9 8 9 -6 -3 1 7 2 -9 10 10 -3 6 -5 4 -3 2 3 -2 5 2 -10 8 6 -1 2 -3 -1 -2 4 10 8 -7 3 -5 8 5 -1 5 8 -4 -7 -4 -5 -5 8 10 -2 -4 8 6 -6 -3 -4 -1 8 1 -9 -9 1 -9 1 6 3 10 9 5 -3 6 -5 4 10 0 4 -10 10 -2 10 -5 1 6 -8 6 8 0 -9
4 -4 -2 9 -9 -8 -1 -9 -5 10 -1 0 4 3 -6 -1 -7 -10 -9 8 -2 1 -5 -8 -10 1 -4 -9 6 5 -9 6 -7 2 -2 -3 5 -6 5 -1 6 -2 6 -7 -8 -6 -9 -4 -2 9 8 -7 -8 -3 1 10 9 3 0 -8 0 3 -1 -8 -3 -2 5 -8 -4 -1 0 -8 -3 -1 -10 6 -4 -8 -9 4 0 -9 10 -8 2 8 1 2 -5 -1 -3 4 2
7 -9 8 -5 7 2 9 -8 3 4 -5 -4 -1 3 3 3 -3 8 -8 1 3 8 7 -7 5 8 9 6 7 8 -9 -1 1 -5 2 -5 7 6 -2 -5 -2 9 -7 4 -8 -6 7 -10 -7 3 4 2 8 -3 5 -1 9 2 -2 8 -6 6 -10 6 5 -9 -2 -4 2 -9 4 10 3 -8 -9 6 2 -10 -9 3 -1 4 0 9 -7 -8 5 -8 8 6 -4 4
1 -10 8 10 2 -6 0 -9 3 6 2 -7 -2 4 9 0 3 -9 -9 7 3 -2 -9 8 -4 -8 2 -1 -10 -3 8 -3 -4 4 6 -1 7 -8 5 5 5 4 5 7 2 -9 1 -5 -10 10 -10 -10 -6 8 4 8 9 -4 -9 -10 6 6 5 -9 -6 8 -7 7 5 10 -3 -5 8 8 -3 1 -7 10 0 7 -8 7 -5 4 6 10 5 -4 4 -5 0
-9 6 -7 2 7 1 4 7 -4 10 7 8 -5 10 6 -9 -7 -9 -9 4 5 3 -7 5 -10 7 -7 -9 7 0 -4 9 -3 -10 2 5 5 2 6 0 7 8 -1 0 -10 -5 -8 -3 9 -7 7 1 10 3 -9 3 7 6 6 0 3 10 7 3 3 -9 5 -6 8 3 8 6 -7 3 -3 -3 -8 -2 4 5 -6 9 -10 -10 3 5 4 10 -10 -10
-10 -6 -4 2 1 -10 5 -4 -1 -2 -1 8 -3 10 7 8 -3 10 -4 -3 -10 7 6 7 -8 7 -2 -3 -9 4 2 -9 -9 1 -9 -2 9 -9 6 -8 5 -6 4 5 1 6 8 -6 8 -6 -9 -8 6 -2 -3 -6 8 10 8 4 6 7 -10 -1 -7 -4 4 8 -6 5 2 -1 7 5 -7 2 7 10 -6 -8 -2 6 1 -1 -1 -2 -4 10 7
3 -8 -8 0 -1 -9 0 9 3 -2 -2 0 -3 4 -2 5 9 -1 -8 9 -8 -1 5 4 2 -6 -7 -5 -2 -4 -2 -3 5 8 -5 -9 10 9 -7 -6 -6 5 -5 9 4 -1 8 0 9 -2 -5 4 6 5 9 -3 6 -5 9 8 -2 10 5 -10 -4 1 -10 5 2 -3 10 -7 -7 -6 -1 0 0 -3 -6 8 3 2 -1 10 9 0 -2 1
-10 -7 -3 -5 10 -5 7 9 -6 -4 4 -9 0 3 -7 -5 -8 2 3 5 -4 -8 -9 -4 -9 10 -1 -3 0 2 -3 -1 8 -6 7 -5 -10 -2 -10 -2 -1 2 6 -9 10 0 10 -9 -5 3 1 -7 4 5 1 -10 -3 10 3 -10 -7 1 7 4 -3 -6 -7 1 -10 -7 -7 9 -2 9 -10 -2 -3 -2 -9 0 -2 -8 5 4 2 6 7
-6 -6 -8 -2 -8 10 10 -3 4 5 6 2 0 2 -5 -4 -4 0 10 5 -10 -8 -4 3 -5 -4 7 7 -7 8 -2 -5 -10 10 -3 -7 -6 -10 -10 -5 8 -1 5 1 9 6 5 -5 -10 -1 6 -9 -9 -8 10 -6 5 9 -6 -9 -2 8 1 -5 -7 -10 -4 -1 -10 -10 8 7 3 -9 -8 -6 -9 -8 -7 10 7 1 8 -1 -5 8
-1 7 -5 4 7 -2 -6 -7 4 -2 -4 -5 -8 -2 6 2 1 -7 5 6 -6 -9 -6 3 7 7 7 1 0 2 -7 -10 8 -10 -2 5 6 -3 -8 8 9 0 1 -7 8 10 -3 9 9 -8 4 10 10 -1 -9 5 0 -7 3 -7 0 1 4 -3 -6 -8 7 0 -5 -9 7 4 5 4 8 -9 -6 7 7 -1 2 2 5 -1 0
-6 -5 6 0 8 8 -9 1 2 8 5 -6 -3 -4 -4 -8 -7 9 5 -10 -10 6 4 -2 7 -7 5 4 3 7 -7 2 -4 3 4 5 4 -8 -2 4 -7 -1 -6 2 7 9 -3 2 6 4 -3 2 -6 2 -5 -10 -4 8 -9 -9 3 -10 0 4 5 2 7 5 2 -9 2 9 7 1 1 7 8 6 2 1 9 -5 2 -9
-5 1 -4 -3 6 8 7 3 -3 2 -2 3 3 -10 -10 -9 -4 10 -4 -9 -7 7 8 -10 7 -5 -9 -5 8 9 4 8 1 -5 0 0 -1 -1 -7 10 -10 0 8 -2 8 -8 0 -9 -9 -4 -4 6 -8 -8 -1 -3 0 -6 -6 -4 9 -9 5 0 -5 -3 -7 6 4 -5 -1 -6 -1 -7 10 6 0 3 -4 0 6 3 8
-3 -5 8 8 -10 -6 -6 1 -4 -9 7 -1 -2 3 -7 0 6 4 7 -4 -10 9 -6 5 -2 -4 -1 10 -7 7 6 0 8 -7 2 4 -3 -5 -3 -9 -1 7 10 -4 2 -4 7 5 3 10 -2 -7 9 -3 8 -7 -1 0 0 -8 5 10 6 10 9 8 4 6 -6 3 -8 -1 4 -8 -2 10 -9 -8 -4 3 -2 8
-7 8 1 10 -8 0 7 -5 -1 3 -2 0 5 -3 0 2 -7 1 -4 -10 -8 -9 6 4 2 -8 -1 -10 -10 9 3 9 10 -2 8 3 -1 6 -3 -6 5 -8 3 -8 -6 5 6 -6 5 -7 1 -1 -9 5 -7 -8 4 -3 1 -4 -9 -10 4 1 -5 -1 -2 -3 -10 -3 7 2 -6 -6 9 -1 -8 3 0 -10 6
10 4 6 2 -2 -7 -4 8 -7 7 -4 -4 9 3 -6 -3 -6 2 3 2 -9 -4 6 -3 -8 4 0 0 -4 -4 -8 8 -7 5 7 -9 -6 -9 -4 -1 5 -3 -4 0 9 9 10 2 8 -10 7 0 1 4 -4 0 -3 -10 -1 -7 -8 0 -9 -5 -6 -7 -2 2 7 -3 -3 1 -1 3 -9 -1 -5 9 7 -2
1 -3 7 4 1 5 5 -8 1 10 -9 -9 -8 6 -5 0 2 4 2 1 -3 -5 10 6 0 6 -8 -2 -8 -3 -9 0 1 0 7 8 -7 1 8 -3 -2 -9 -7 -2 4 1 9 -3 0 -5 -8 10 -9 5 0 2 -1 0 4 8 -6 -4 -7 -3 -2 -5 0 3 8 -1 1 9 -3 4 -4 -5 1 -6 -5
-1 0 -8 0 -6 3 10 0 -10 0 -4 1 6 2 7 -2 -7 1 10 -1 3 1 -10 10 2 3 -5 1 3 -1 -3 8 -4 0 -9 10 3 7 -5 -7 -6 -3 -2 10 4 -8 1 -3 -9 1 10 3 -5 0 1 1 3 9 -1 -10 4 -4 7 5 3 10 9 -8 4 -8 7 -6 4 6 2 -5 4 8
-3 -5 3 8 0 8 -5 1 -7 8 -10 7 -1 4 2 -8 -1 1 -9 -7 9 -2 -4 0 -6 5 1 -7 -4 8 0 -4 -2 10 -7 -3 -2 10 -9 7 -8 10 -2 10 -4 10 -5 6 8 4 8 4 -4 -2 -3 4 8 6 -3 2 6 1 -4 -9 8 9 -7 8 -5 3 4 4 0 -5 5 7 -9
-10 -3 7 -5 2 -1 8 10 -8 0 7 -6 -2 -2 2 0 0 -10 4 8 -8 7 2 7 6 10 2 1 5 -3 -7 -3 -1 -7 -10 -6 8 -1 -5 -2 -6 7 3 4 8 4 6 -9 5 3 -9 9 9 9 3 -4 -2 2 5 -8 5 0 10 4 -6 -6 -1 10 8 -5 2 -8 -10 -9 0 3
2 -1 -8 -3 -7 -7 10 -10 4 8 10 -1 -9 9 -2 1 -3 -8 1 3 -6 -3 2 5 -9 2 5 8 6 -1 3 3 1 3 9 -2 -9 2 3 7 2 -10 -5 10 -2 -6 -9 7 -3 -1 10 -9 8 7 -10 -6 -9 -3 -7 0 -10 5 10 -5 0 8 10 -8 2 -9 -10 6 0 -3 -4
9 6 -1 1 -4 -6 -4 -7 -6 -2 -9 -3 4 5 -10 1 0 7 -10 8 10 -5 2 -8 8 8 -6 -4 -6 10 -7 4 5 -10 3 -9 -3 -3 5 5 -4 -1 -6 6 3 -10 1 -8 7 -6 7 5 -10 -4 -2 -6 9 -6 10 7 8 -5 -7 3 -3 -3 -4 10 -1 -3 -9 1 5 0
9 -2 3 0 -3 0 -2 -6 10 10 -8 -9 3 10 -3 -5 -9 0 -8 10 -7 -10 4 10 1 -10 8 -9 -4 3 -9 1 -5 -3 -8 -1 3 -1 6 -2 5 -5 -6 -9 2 -3 0 -1 10 -2 6 10 2 -3 5 9 0 1 7 5 10 -1 6 9 0 -8 8 -3 0 6 3 2 -6
-1 -6 9 3 -7 -10 3 3 0 -3 3 -3 2 -9 10 10 -1 -3 8 -2 -3 -2 -5 -9 4 -7 -7 0 2 10 -4 -4 -10 3 9 -5 2 -10 -6 -5 10 9 1 -7 0 -7 5 -5 -1 6 2 -1 -9 10 -6 9 -5 6 -8 1 -8 -10 -6 8 -3 9 -1 -7 -2 -3 -4 0
10 -7 8 -1 -5 9 -9 6 7 -8 -7 8 10 -8 9 1 -6 -3 10 -8 5 5 -6 -5 7 1 -6 -9 -4 -6 -6 -4 -7 -4 -7 7 3 2 -3 5 -3 -10 1 -7 -2 -6 -2 -2 -9 9 -5 6 -3 -10 5 -5 -3 9 -6 0 0 -7 -9 2 2 3 -9 -4 6 -1 -3
10 10 0 -5 -8 8 5 -2 2 -3 4 10 4 3 -2 10 9 8 -3 -7 1 2 1 -9 6 8 7 -6 4 -6 -8 2 9 1 -5 10 -5 -4 2 3 7 -10 3 7 -8 0 7 0 -2 5 -6 -7 5 -3 10 0 -1 -9 2 9 -3 7 -1 8 -1 6 6 9 -1 -5
-6 -7 0 -8 6 9 -10 -9 -10 1 6 3 5 -4 9 -9 -8 -4 5 8 0 8 3 -8 2 -5 0 -5 -5 -8 4 2 -1 1 5 8 2 9 -7 8 -1 1 -6 10 5 10 5 3 -5 6 5 -5 2 1 10 -4 -8 5 -8 10 6 2 6 -2 -1 3 5 -10 0
4 1 6 5 0 -10 -7 9 -4 -2 10 5 -10 1 4 -5 -6 5 9 -7 -10 5 -9 -4 -5 -5 -4 9 4 5 -4 0 5 -10 -6 7 1 5 -6 -10 -3 5 1 0 -8 -4 8 -9 5 10 0 4 4 -5 2 0 -10 -4 -7 -1 -4 9 -5 1 -1 0 -2 -3
6 -6 -3 3 6 -6 -8 -3 8 -8 6 -4 -10 -5 -5 7 5 -7 5 1 5 4 7 -10 -8 -10 0 8 -9 6 -7 6 -10 -5 7 2 4 6 -10 -3 10 7 -3 3 10 -5 -1 -2 -6 -10 5 10 -9 -5 3 -10 -10 -6 -8 7 -1 -1 -3 6 0 5 7
-3 4 4 0 -3 -2 6 1 -4 -7 -4 8 2 -5 -10 -2 3 4 -4 1 -4 -6 3 3 9 5 10 3 4 -10 2 -3 -5 2 -8 10 -3 5 1 -2 -5 5 3 -8 -10 -2 0 6 -6 -5 4 -3 -3 -2 8 -9 -10 -4 -6 8 7 7 6 -2 3 -10
9 1 -4 4 -6 9 -8 4 2 -5 1 -4 0 4 1 2 6 8 10 2 0 4 10 1 7 -4 2 -9 2 6 -5 9 -6 3 -7 -5 -10 -5 9 3 1 -8 10 -3 -2 -10 3 -6 9 7 -4 -2 -8 4 -5 10 -9 -2 6 10 -4 -6 6 7 8
-3 6 6 4 7 6 -6 -7 -1 9 -10 -9 4 2 -5 -3 0 6 2 -5 5 -9 3 9 4 8 8 3 -2 -7 -1 -10 5 -9 3 -5 10 -3 -1 1 -10 -5 10 -1 2 8 -2 -6 -10 3 -7 -6 8 -8 -1 2 -7 -2 -9 8 -9 -6 -5 3
8 0 -3 2 4 -3 8 -3 7 -9 -2 7 7 7 3 -9 1 -10 7 -1 -3 -9 1 -8 8 2 -2 0 0 3 1 2 -5 -2 -2 2 -10 4 8 4 1 7 3 1 6 -7 -2 -7 -4 -3 4 -4 0 -9 1 2 10 -1 7 -7 -9 -1 0
5 -7 2 -3 -7 7 0 -3 10 -5 -9 10 6 -3 -3 8 4 3 -7 9 -6 8 -10 -10 -8 -7 -5 6 -6 -10 9 6 -1 1 5 4 1 8 2 -7 0 10 2 -4 0 1 -9 -8 5 3 2 5 10 -5 -4 2 -7 -10 1 -5 -2 -5
9 -3 -3 5 -2 8 -9 -6 -1 6 -9 -7 2 7 10 6 -4 -5 -10 8 1 -9 5 7 -9 -4 8 5 6 -10 5 7 3 9 -8 -6 2 -8 7 4 -6 -1 4 -6 -1 3 5 -2 3 -10 8 -3 4 -3 -1 -7 4 3 -4 -3 -1
-10 -2 2 7 5 1 -1 3 10 -8 5 -7 -7 -4 -3 6 10 7 -4 7 0 -1 -6 -9 -4 7 4 2 -3 -7 4 -9 8 -7 -9 -7 3 -1 1 7 3 -7 -2 -7 -4 10 4 -2 -9 0 0 -3 -2 10 -6 -4 6 3 1 2
-7 -5 10 6 -2 -6 4 -7 8 0 -2 7 8 1 6 0 10 -9 -9 -4 -8 -10 -6 -6 5 -8 3 -4 7 8 2 5 5 6 7 -1 -9 -3 -2 -7 -4 6 -7 -4 -9 8 -3 3 5 -10 -10 -9 5 -4 10 8 -5 1 -10
9 -6 -7 -4 -9 0 10 -7 7 2 10 8 3 -4 -8 -2 1 -2 -4 -3 -8 0 -5 4 -3 -10 1 10 -10 -4 -8 -4 4 8 1 1 -5 -3 -1 3 -10 4 -3 -3 -7 -9 -5 -6 9 -6 5 9 2 3 -2 0 4 -2
7 -4 8 -2 3 9 8 8 -1 9 5 -8 3 3 -9 0 1 5 -2 1 7 7 6 9 -9 -6 7 5 0 -10 -9 -7 5 1 6 -10 -8 -3 4 0 2 -3 -2 10 6 -2 6 9 1 -2 3 -9 0 8 4 9 -1
-9 -6 1 6 -3 -6 5 6 -3 -4 0 -2 -7 1 -8 -2 -7 -7 -2 -5 1 -8 -5 10 -4 1 -1 8 -3 -5 5 5 -1 8 3 -10 -2 -9 3 0 -10 6 -4 3 9 3 10 -10 8 -7 9 -2 -5 9 -9 -9
-2 -1 -7 4 2 -3 8 2 -8 6 5 -9 -10 1 10 -5 9 6 2 9 -7 -3 -9 -5 9 6 1 4 4 9 6 -7 -3 -3 -9 -8 -10 -8 9 1 -9 -9 -7 -5 6 10 -5 -10 2 -5 -10 -8 5 -3 10
-7 -8 8 -9 3 -2 -9 -3 2 9 2 10 -2 8 8 -10 9 -6 9 -5 8 1 -9 9 6 10 7 5 -5 -2 3 10 5 6 3 -1 4 4 10 2 5 -2 -7 7 -6 5 -3 -5 1 0 -1 8 -3 6
-7 8 -4 8 10 -9 -5 -7 -1 1 3 6 2 -7 9 3 9 4 -6 8 -7 9 2 3 10 -9 -1 -10 6 -7 5 -8 -5 0 -1 2 -4 1 -7 -1 7 0 7 6 -4 -9 -4 3 -5 6 -5 -3 7
-7 1 -3 -8 4 8 8 8 -5 -5 -4 -3 1 2 3 10 -5 5 10 3 -1 -7 9 -7 -7 -8 1 -10 1 -7 7 -5 -10 -9 2 2 -1 7 -8 8 8 6 -9 3 2 5 -7 -9 3 10 -4 5
-2 7 10 3 -8 -6 8 -9 -2 -6 -1 -9 -3 -10 2 5 3 -7 2 10 -5 2 -6 -5 -7 -5 -3 -4 -10 -5 -5 -10 -9 -6 10 -9 -4 -5 5 4 -7 8 -4 -7 3 6 -10 -3 -2 -10 -2
7 4 1 -3 -4 6 1 -4 0 -6 3 10 2 -6 10 10 -3 1 6 6 -3 -8 2 6 -3 -3 4 -2 7 -4 7 -3 -7 9 -1 6 7 -10 9 2 -8 -3 2 -4 -2 -4 -9 0 -6 -10
-3 9 9 0 -2 -7 0 -2 -8 1 -4 7 4 -4 -1 -2 9 2 -9 -4 -8 -9 1 3 4 -6 -2 -10 8 5 -8 10 2 1 -9 5 -3 0 -7 0 0 8 -6 9 8 -6 -6 9 -3
6 -5 5 6 3 2 -9 9 10 -6 -7 8 -6 6 -7 -1 -3 8 10 -10 7 -1 -10 7 -1 -2 -6 -1 -9 -6 -2 8 2 8 -2 2 8 -8 -5 0 0 -10 0 -6 0 -6 3 6
-10 -10 -9 3 -3 -10 8 8 7 -2 -9 2 -2 -1 -10 -5 -5 4 2 -7 -9 -2 4 9 3 5 4 2 -2 -1 4 -1 2 -8 8 2 0 -9 -9 -1 -6 -6 -6 0 1 8 1
-9 -6 2 -5 8 5 5 -10 -1 -1 5 3 10 -6 -10 -4 4 -6 -6 -7 3 -2 10 -4 -8 -10 -6 -4 7 3 5 9 -9 -7 -1 5 8 -9 8 8 -2 -1 1 -7 -8 0
-2 9 1 3 -2 7 7 -2 6 7 -6 3 -9 10 -8 -8 10 -5 6 0 5 -7 -5 2 -9 9 2 -8 -4 -5 -5 -6 9 3 -3 10 8 -9 8 -8 6 -1 -4 1 1
10 10 -9 -3 6 -7 -4 -3 -2 2 -6 -5 -9 2 -4 10 8 -10 -4 -9 -3 -9 4 -4 4 -9 5 3 3 -10 -10 3 -1 -10 -8 2 -8 7 -3 0 -4 6 10 8
5 -1 9 9 -3 -2 2 9 -10 3 10 8 9 -5 -2 -7 -2 -3 -10 -7 -4 10 -7 -2 -9 2 -1 5 -2 0 -4 -3 7 10 -5 -5 -3 -9 -1 -5 4 -5 9
4 7 3 9 1 -8 -6 -2 -2 -5 1 7 -7 10 -7 10 4 -3 8 -8 1 8 -1 1 -1 8 -7 3 10 8 -10 -9 7 10 -5 -2 -7 -8 2 -8 5 7
7 7 -2 6 1 -5 -6 5 -5 -4 2 -10 -1 0 -7 2 -8 -4 -4 -6 -1 4 3 1 -2 5 -2 -1 0 -10 0 1 -5 -9 -4 -10 10 9 10 0 10
-2 -5 2 7 -5 -2 2 -4 10 2 9 4 7 1 -8 10 0 -2 2 8 -1 2 0 -1 3 -3 -8 -3 -8 1 4 8 -7 -5 -6 -7 -7 3 9 -8
3 -5 10 2 0 -2 2 7 -2 -8 -5 7 1 6 -10 7 -2 9 -1 -6 -10 -2 1 8 -7 1 -9 0 -6 5 10 0 0 10 -10 1 8 -8 -4
-1 10 0 -7 -9 -7 8 -5 -8 3 -5 -5 0 10 -2 1 3 -1 -5 3 -10 -10 5 -3 -9 -2 2 7 -1 -5 1 0 -6 5 -9 4 9 1
2 5 -5 7 -9 2 4 -5 -5 2 0 -8 -1 -1 -6 -2 4 -3 -2 -1 10 -4 5 -9 -6 5 -9 4 6 -9 -8 -10 8 8 -10 9 5
8 -5 3 -1 9 10 -1 -7 -7 9 6 3 7 -7 1 10 5 9 -4 8 7 1 2 -7 -9 8 -1 -9 4 -10 -8 -2 -5 -6 -4 5
10 5 1 3 6 6 -6 1 -2 9 -6 -9 10 0 5 5 2 10 -6 9 2 7 9 -2 8 -3 -5 3 10 8 -5 7 1 -1 -9
-1 -10 2 -3 -5 -5 -1 -3 -10 -10 -3 8 9 9 -4 -8 -2 3 -3 -10 6 -2 8 -1 -5 -7 7 -3 10 -1 -5 10 -9 0
7 6 8 7 7 1 7 -4 -8 2 -4 10 -9 -8 6 -2 -10 4 6 10 -9 6 10 -4 5 3 9 7 -4 -7 2 5 -5
-3 6 -6 -9 0 -6 -3 -4 -7 8 9 -2 9 -5 8 -1 5 -4 -4 -5 7 -8 10 -2 6 -3 -2 -3 -5 -4 -7 1
6 10 2 7 7 3 10 1 7 -4 -3 7 6 -2 2 4 -3 -3 -7 -2 10 3 -6 10 2 9 -1 3 3 9 9
4 -8 -4 -5 8 5 4 0 10 -3 0 -8 -8 -10 3 9 -3 1 -7 1 0 1 -5 -5 -1 -5 5 -4 1 7
8 -3 0 -8 -7 -2 -1 4 -9 1 -5 -8 9 -5 -1 2 -6 9 -3 -6 4 -10 -1 2 0 -5 -5 0 9
0 7 -8 -7 8 -9 -7 -10 -5 6 0 7 4 -6 2 -3 -10 -4 2 -2 -3 -9 -8 4 3 8 0 10
-3 -1 3 1 0 -9 10 -6 -1 -8 2 -5 -4 3 9 0 -5 9 3 4 8 -6 -4 -1 2 -4 9
-7 0 9 -5 -10 -5 3 -10 1 -6 -1 9 -7 -5 4 -8 -7 8 -9 -4 -4 -10 -8 4 -9 6
1 3 3 5 3 -5 -4 4 7 -5 -8 -10 -2 7 -5 5 -7 -10 -5 -2 2 7 -3 -4 -6
-4 -4 7 5 4 -5 3 -10 8 -4 -10 -1 2 3 -2 1 0 6 6 -10 3 -10 -8 9
-5 -6 10 4 -10 -4 6 5 -5 -2 2 4 -8 -1 1 -8 -10 0 4 7 3 -8 -2
4 3 10 4 -8 -1 -10 -2 8 1 5 7 10 2 5 8 -3 -7 -5 7 -10 -10
6 5 2 8 3 5 2 -2 7 -8 -5 -9 -5 -5 -10 1 -5 3 -10 -7 -2
7 2 6 9 1 5 10 -2 3 10 9 -8 -4 1 8 -4 -3 -4 0 9
6 -9 -4 4 -10 -10 10 -8 -1 4 6 5 6 -7 -1 0 6 -9 -5
0 3 -2 -2 -4 -10 -2 4 -10 -9 5 -4 6 2 -7 -9 2 2
-6 0 7 -2 -7 5 -1 8 5 -8 10 9 -8 9 -10 -5 3
-8 -4 -7 0 -2 8 -7 -4 7 -4 5 -7 2 8 0 6
-2 5 -2 -3 -10 3 -6 7 -4 0 -9 -8 -10 -8 -6
8 7 -4 9 -4 -2 -4 -9 1 -9 -8 -10 -10 5
-8 5 6 -3 -7 1 -4 -3 5 -4 -1 -9 -9
3 -3 4 2 7 6 4 3 4 7 -5 6
-5 0 -9 8 3 -2 0 -4 5 2 -3
-6 -7 -2 -1 6 -5 -10 -1 8 0
-8 -2 -3 -7 -10 2 5 3 5
-6 -8 7 -10 8 -8 9 6
4 -10 -2 8 -9 -10 -6
-3 10 -6 10 10 -1
2 9 8 3 -3
-9 -1 -8 -9
-8 -3 9
-8 -5
-10
