25
3 3 3 3 3 3 3 3 3 3 3 3 3 3 3 3 3 3 3 3 3 3 3 4 3
2 4 5
13 19 22
9 10 15
9 22 25
4 8 11
4 15 18
8 16 23
3 14 25
2 6 18
1 19 20
12 16 18
11 22 25
11 12 15
3 7 12
8 14 21
3 7 13
10 11 14
5 9 19
16 18 25
1 3 25
8 11 16
1 18 22
8 10 18
2 13 17 22
2 22 24
7 10 8 4 6 6 2 5 3 -6 -8 3 7 7 4 4 -2 5 7 3 6 -2 4 1 10
-8 1 5 1 8 5 -10 8 9 0 3 4 -3 9 -10 -6 -8 -6 -10 0 3 -5 5 -2
10 -3 6 -10 9 3 -7 -8 3 5 -10 8 -2 -4 -2 -1 9 -2 3 -10 -8 -3 9
-5 -6 -4 5 -8 -4 -3 1 1 -4 -3 2 9 -8 8 10 1 6 -9 -2 -4 -4
-2 -3 -10 -1 2 -6 7 -8 10 -5 8 9 10 0 0 0 7 6 -3 3 -5
-2 10 -2 -4 1 -4 -8 9 2 0 -6 5 -10 8 3 1 2 -1 -10 -6
5 -9 0 -9 -5 0 -2 2 -2 2 3 8 9 4 -8 3 -4 0 5
-7 -3 8 9 -3 2 -3 -10 9 -7 -7 -5 -8 -7 -10 8 2 -4
-2 6 -3 -10 9 10 -1 -2 -3 3 10 10 -7 7 -7 -7 7
-10 7 5 -8 -3 8 -5 5 3 -2 -4 10 -5 -2 -3 -2
-1 9 -1 8 -8 10 -4 8 -9 -3 2 10 10 8 8
-5 -6 0 0 -10 -2 4 3 6 -6 -4 -3 -5 0
10 0 5 -6 -3 0 6 -1 -8 -9 -8 10 8
-9 10 -8 -4 -4 -9 -5 9 -3 5 3 -4
-7 10 -9 -9 1 -3 10 -3 -2 -6 8
-5 -8 -4 1 5 -3 7 -6 -3 5
2 10 -8 -6 -9 3 -1 4 -6
2 1 3 4 1 10 9 -9
9 -5 -3 -7 9 -1 2
2 -10 -6 2 7 0
7 -4 -1 -8 5
-1 4 5 5
-9 0 -9
10 8
-7
